obs
obsErr
Dpar
coolRate
alpha
p_T
dT
Tsmooth
Tdiff
geothermalGradient

NEW_MODEL
[3.04644495e+01 1.42904620e+01 1.44768917e+00 3.33522334e-03]
[8.08204112e-01 8.87928852e-02 5.67641984e-02 5.10571192e-04]
1.7
[[30.46444948  8.99489986  1.37698027] [36.12623839  9.92541001  2.87581287] [41.05835251  4.02248903  2.5515127 ] [44.84700737  3.38853194  1.79952131] [50.99670576  1.81501646  0.41528295] [55.35922523  1.7151173   0.3575845 ] [60.64680868  1.60060012  0.21104154] [65.3073914   1.5337704   0.25560617] [70.04094194  1.35100208  0.26265432] [75.98277211  1.15516595  0.40342279] [80.38281802  0.98078607  0.51679715]]
0
[-10   0  30  60  90 110 130 160]
1.0
5.0
5.0
-0.03
qFit 0.0002880614479274299
pFit [22.94428836  5.2639607   0.08368587  0.08341437  0.0663763  10.80819383 21.06328781]
time(s): 125.413088571

NEW_MODEL
[3.61262384e+01 1.41837241e+01 1.55977998e+00 3.02254516e-03]
[9.12424024e-01 6.56443821e-02 5.71914157e-02 8.75759719e-04]
1.7
[[30.46444948  8.99489986  1.37698027] [36.12623839  9.92541001  2.87581287] [41.05835251  4.02248903  2.5515127 ] [44.84700737  3.38853194  1.79952131] [50.99670576  1.81501646  0.41528295] [55.35922523  1.7151173   0.3575845 ] [60.64680868  1.60060012  0.21104154] [65.3073914   1.5337704   0.25560617] [70.04094194  1.35100208  0.26265432] [75.98277211  1.15516595  0.40342279] [80.38281802  0.98078607  0.51679715]]
0
[-10   0  30  60  90 110 130 160]
1.0
5.0
5.0
-0.03
qFit 0.0001264587993139892
pFit [31.17492926  2.30576889  0.27014601  0.13218233  0.14839012  4.28210028  0.21275123]
time(s): 193.96766999999997

NEW_MODEL
[4.10583525e+01 1.40633552e+01 1.70487427e+00 7.45806881e-03]
[1.1397747  0.06942091 0.06358735 0.00473074]
1.7
[[30.46444948  8.99489986  1.37698027] [36.12623839  9.92541001  2.87581287] [41.05835251  4.02248903  2.5515127 ] [44.84700737  3.38853194  1.79952131] [50.99670576  1.81501646  0.41528295] [55.35922523  1.7151173   0.3575845 ] [60.64680868  1.60060012  0.21104154] [65.3073914   1.5337704   0.25560617] [70.04094194  1.35100208  0.26265432] [75.98277211  1.15516595  0.40342279] [80.38281802  0.98078607  0.51679715]]
0
[-10   0  30  60  90 110 130 160]
1.0
5.0
5.0
-0.03
qFit 1.942393022213307e-07
pFit [21.55309014 14.47356482  0.4312973   0.19121545  6.12021252 29.20153238  0.26275784]
time(s): 292.75453688000005

NEW_MODEL
[4.48470074e+01 1.39682940e+01 1.78137520e+00 8.85339154e-03]
[0.66563192 0.08309308 0.08124434 0.0047017 ]
1.7
[[30.46444948  8.99489986  1.37698027] [36.12623839  9.92541001  2.87581287] [41.05835251  4.02248903  2.5515127 ] [44.84700737  3.38853194  1.79952131] [50.99670576  1.81501646  0.41528295] [55.35922523  1.7151173   0.3575845 ] [60.64680868  1.60060012  0.21104154] [65.3073914   1.5337704   0.25560617] [70.04094194  1.35100208  0.26265432] [75.98277211  1.15516595  0.40342279] [80.38281802  0.98078607  0.51679715]]
0
[-10   0  30  60  90 110 130 160]
1.0
5.0
5.0
-0.03
qFit 5.25962822076567e-10
pFit [21.3522842  17.47766027  0.14910196  1.14819729  8.04804193 14.75815461  8.69843199]
time(s): 402.8191923019999

NEW_MODEL
[5.09967058e+01 1.38122369e+01 1.88194676e+00 1.65287757e-02]
[0.83335057 0.112559   0.1185105  0.00378185]
1.7
[[30.46444948  8.99489986  1.37698027] [36.12623839  9.92541001  2.87581287] [41.05835251  4.02248903  2.5515127 ] [44.84700737  3.38853194  1.79952131] [50.99670576  1.81501646  0.41528295] [55.35922523  1.7151173   0.3575845 ] [60.64680868  1.60060012  0.21104154] [65.3073914   1.5337704   0.25560617] [70.04094194  1.35100208  0.26265432] [75.98277211  1.15516595  0.40342279] [80.38281802  0.98078607  0.51679715]]
0
[-10   0  30  60  90 110 130 160]
1.0
5.0
5.0
-0.03
qFit 3.396367853210413e-07
pFit [ 7.90614151 30.02886484  0.84385009  8.26768503 18.70805883  3.68220204  0.55095911]
time(s): 486.726047385

NEW_MODEL
[5.53592252e+01 1.36665511e+01 1.93605750e+00 1.74915150e-02]
[1.30349031 0.13151564 0.12850443 0.0036468 ]
1.7
[[30.46444948  8.99489986  1.37698027] [36.12623839  9.92541001  2.87581287] [41.05835251  4.02248903  2.5515127 ] [44.84700737  3.38853194  1.79952131] [50.99670576  1.81501646  0.41528295] [55.35922523  1.7151173   0.3575845 ] [60.64680868  1.60060012  0.21104154] [65.3073914   1.5337704   0.25560617] [70.04094194  1.35100208  0.26265432] [75.98277211  1.15516595  0.40342279] [80.38281802  0.98078607  0.51679715]]
0
[-10   0  30  60  90 110 130 160]
1.0
5.0
5.0
-0.03
qFit 6.498284923798915e-08
pFit [ 8.01140855 19.52356889 16.43190618  8.78003239 17.69958403 13.27223002  9.27179018]
time(s): 583.4636569319999

NEW_MODEL
[6.06468087e+01 1.34379646e+01 1.97602018e+00 1.87429700e-02]
[0.9070914  0.15159855 0.11617185 0.00247129]
1.7
[[30.46444948  8.99489986  1.37698027] [36.12623839  9.92541001  2.87581287] [41.05835251  4.02248903  2.5515127 ] [44.84700737  3.38853194  1.79952131] [50.99670576  1.81501646  0.41528295] [55.35922523  1.7151173   0.3575845 ] [60.64680868  1.60060012  0.21104154] [65.3073914   1.5337704   0.25560617] [70.04094194  1.35100208  0.26265432] [75.98277211  1.15516595  0.40342279] [80.38281802  0.98078607  0.51679715]]
0
[-10   0  30  60  90 110 130 160]
1.0
5.0
5.0
-0.03
qFit 1.0022253472980798
pFit [ 4.24862746 11.61746264 35.10499541  9.48073769 14.67084969 20.78079562 42.90438499]
time(s): 697.763309823

NEW_MODEL
[6.53073914e+01 1.32621375e+01 2.01799559e+00 1.95596420e-02]
[0.85017729 0.16444287 0.11060711 0.00325966]
1.7
[[30.46444948  8.99489986  1.37698027] [36.12623839  9.92541001  2.87581287] [41.05835251  4.02248903  2.5515127 ] [44.84700737  3.38853194  1.79952131] [50.99670576  1.81501646  0.41528295] [55.35922523  1.7151173   0.3575845 ] [60.64680868  1.60060012  0.21104154] [65.3073914   1.5337704   0.25560617] [70.04094194  1.35100208  0.26265432] [75.98277211  1.15516595  0.40342279] [80.38281802  0.98078607  0.51679715]]
0
[-10   0  30  60  90 110 130 160]
1.0
5.0
5.0
-0.03
qFit 2.8821287429529745
pFit [ 4.43106124 12.27176712 37.97913752 11.68102263 11.8026235   9.41525152 44.74160584]
time(s): 841.738905896

NEW_MODEL
[7.00409419e+01 1.31480748e+01 2.07760776e+00 2.22057392e-02]
[1.44261106 0.16527283 0.11829809 0.00431712]
1.7
[[30.46444948  8.99489986  1.37698027] [36.12623839  9.92541001  2.87581287] [41.05835251  4.02248903  2.5515127 ] [44.84700737  3.38853194  1.79952131] [50.99670576  1.81501646  0.41528295] [55.35922523  1.7151173   0.3575845 ] [60.64680868  1.60060012  0.21104154] [65.3073914   1.5337704   0.25560617] [70.04094194  1.35100208  0.26265432] [75.98277211  1.15516595  0.40342279] [80.38281802  0.98078607  0.51679715]]
0
[-10   0  30  60  90 110 130 160]
1.0
5.0
5.0
-0.03
qFit 4.506111401194454
pFit [ 4.41592036 12.2857143  39.76493441 16.96410039  8.9615291  18.89046511 58.25560904]
time(s): 963.239085026

NEW_MODEL
[7.59827721e+01 1.30288018e+01 2.10699656e+00 2.59702945e-02]
[1.06361497 0.19058565 0.13445613 0.0090697 ]
1.7
[[30.46444948  8.99489986  1.37698027] [36.12623839  9.92541001  2.87581287] [41.05835251  4.02248903  2.5515127 ] [44.84700737  3.38853194  1.79952131] [50.99670576  1.81501646  0.41528295] [55.35922523  1.7151173   0.3575845 ] [60.64680868  1.60060012  0.21104154] [65.3073914   1.5337704   0.25560617] [70.04094194  1.35100208  0.26265432] [75.98277211  1.15516595  0.40342279] [80.38281802  0.98078607  0.51679715]]
0
[-10   0  30  60  90 110 130 160]
1.0
5.0
5.0
-0.03
qFit 3.099101646733411
pFit [ 1.92251941  2.67502787 74.48113508  2.85706988  0.13819854  0.13820135  1.47608153]
time(s): 1066.539963053

NEW_MODEL
[8.03828180e+01 1.29875929e+01 2.03920129e+00 3.05877100e-02]
[1.11938612 0.25716647 0.15924009 0.01611732]
1.7
[[30.46444948  8.99489986  1.37698027] [36.12623839  9.92541001  2.87581287] [41.05835251  4.02248903  2.5515127 ] [44.84700737  3.38853194  1.79952131] [50.99670576  1.81501646  0.41528295] [55.35922523  1.7151173   0.3575845 ] [60.64680868  1.60060012  0.21104154] [65.3073914   1.5337704   0.25560617] [70.04094194  1.35100208  0.26265432] [75.98277211  1.15516595  0.40342279] [80.38281802  0.98078607  0.51679715]]
0
[-10   0  30  60  90 110 130 160]
1.0
5.0
5.0
-0.03
qFit 1.8562690911159323
pFit [ 3.17919118  6.67154367 74.0258081   2.03407992  0.14618266  0.14617387  1.47509631]
time(s): 1186.6603376960002

NEW_MODEL
[3.04644495e+01 1.42904620e+01 1.44768917e+00 3.33522334e-03]
[8.08204112e-01 8.87928852e-02 5.67641984e-02 5.10571192e-04]
1.7
[[30.46444948  8.99489986  1.37698027] [36.12623839  9.92541001  2.87581287] [41.05835251  4.02248903  2.5515127 ] [44.84700737  3.38853194  1.79952131] [50.99670576  1.81501646  0.41528295] [55.35922523  1.7151173   0.3575845 ] [60.64680868  1.60060012  0.21104154] [65.3073914   1.5337704   0.25560617] [70.04094194  1.35100208  0.26265432] [75.98277211  1.15516595  0.40342279] [80.38281802  0.98078607  0.51679715]]
1
[-10   0  30  60  90 110 130 160]
1.0
5.0
5.0
-0.03
qFit 3.0099395120290016
pFit [22.98409405  5.44018941  0.08336216  0.08310769  0.05541948  8.56423404 19.73576789]
time(s): 1274.336253438

NEW_MODEL
[3.61262384e+01 1.41837241e+01 1.55977998e+00 3.02254516e-03]
[9.12424024e-01 6.56443821e-02 5.71914157e-02 8.75759719e-04]
1.7
[[30.46444948  8.99489986  1.37698027] [36.12623839  9.92541001  2.87581287] [41.05835251  4.02248903  2.5515127 ] [44.84700737  3.38853194  1.79952131] [50.99670576  1.81501646  0.41528295] [55.35922523  1.7151173   0.3575845 ] [60.64680868  1.60060012  0.21104154] [65.3073914   1.5337704   0.25560617] [70.04094194  1.35100208  0.26265432] [75.98277211  1.15516595  0.40342279] [80.38281802  0.98078607  0.51679715]]
1
[-10   0  30  60  90 110 130 160]
1.0
5.0
5.0
-0.03
qFit 1.4566576955635144
pFit [28.55249908  4.82736289  0.22775557  0.10197603  0.15694922  4.05285054 19.83987619]
time(s): 1357.082146657

NEW_MODEL
[4.10583525e+01 1.40633552e+01 1.70487427e+00 7.45806881e-03]
[1.1397747  0.06942091 0.06358735 0.00473074]
1.7
[[30.46444948  8.99489986  1.37698027] [36.12623839  9.92541001  2.87581287] [41.05835251  4.02248903  2.5515127 ] [44.84700737  3.38853194  1.79952131] [50.99670576  1.81501646  0.41528295] [55.35922523  1.7151173   0.3575845 ] [60.64680868  1.60060012  0.21104154] [65.3073914   1.5337704   0.25560617] [70.04094194  1.35100208  0.26265432] [75.98277211  1.15516595  0.40342279] [80.38281802  0.98078607  0.51679715]]
1
[-10   0  30  60  90 110 130 160]
1.0
5.0
5.0
-0.03
qFit 1.3623913499956708
pFit [29.04708547  3.35152703  3.00400357  0.11254109 12.34441413 11.48683114 21.69052637]
time(s): 1458.685300411

NEW_MODEL
[4.48470074e+01 1.39682940e+01 1.78137520e+00 8.85339154e-03]
[0.66563192 0.08309308 0.08124434 0.0047017 ]
1.7
[[30.46444948  8.99489986  1.37698027] [36.12623839  9.92541001  2.87581287] [41.05835251  4.02248903  2.5515127 ] [44.84700737  3.38853194  1.79952131] [50.99670576  1.81501646  0.41528295] [55.35922523  1.7151173   0.3575845 ] [60.64680868  1.60060012  0.21104154] [65.3073914   1.5337704   0.25560617] [70.04094194  1.35100208  0.26265432] [75.98277211  1.15516595  0.40342279] [80.38281802  0.98078607  0.51679715]]
1
[-10   0  30  60  90 110 130 160]
1.0
5.0
5.0
-0.03
qFit 1.0012032971465659
pFit [29.42054703  2.7418746   7.23083108  0.12429622 11.11219746 11.67208618 22.8692307 ]
time(s): 1578.169147753

NEW_MODEL
[5.09967058e+01 1.38122369e+01 1.88194676e+00 1.65287757e-02]
[0.83335057 0.112559   0.1185105  0.00378185]
1.7
[[30.46444948  8.99489986  1.37698027] [36.12623839  9.92541001  2.87581287] [41.05835251  4.02248903  2.5515127 ] [44.84700737  3.38853194  1.79952131] [50.99670576  1.81501646  0.41528295] [55.35922523  1.7151173   0.3575845 ] [60.64680868  1.60060012  0.21104154] [65.3073914   1.5337704   0.25560617] [70.04094194  1.35100208  0.26265432] [75.98277211  1.15516595  0.40342279] [80.38281802  0.98078607  0.51679715]]
1
[-10   0  30  60  90 110 130 160]
1.0
5.0
5.0
-0.03
qFit 1.6997709469115831
pFit [29.11092388  3.10767819  5.80325929  9.27630388 17.05607975 19.20089724  0.40559571]
time(s): 1670.803036449

NEW_MODEL
[5.53592252e+01 1.36665511e+01 1.93605750e+00 1.74915150e-02]
[1.30349031 0.13151564 0.12850443 0.0036468 ]
1.7
[[30.46444948  8.99489986  1.37698027] [36.12623839  9.92541001  2.87581287] [41.05835251  4.02248903  2.5515127 ] [44.84700737  3.38853194  1.79952131] [50.99670576  1.81501646  0.41528295] [55.35922523  1.7151173   0.3575845 ] [60.64680868  1.60060012  0.21104154] [65.3073914   1.5337704   0.25560617] [70.04094194  1.35100208  0.26265432] [75.98277211  1.15516595  0.40342279] [80.38281802  0.98078607  0.51679715]]
1
[-10   0  30  60  90 110 130 160]
1.0
5.0
5.0
-0.03
qFit 1.1252015997919025
pFit [28.81649047  3.30110686  8.21488534 12.80222288 14.13023743 14.57825182 67.43365228]
time(s): 1801.614664686

NEW_MODEL
[6.06468087e+01 1.34379646e+01 1.97602018e+00 1.87429700e-02]
[0.9070914  0.15159855 0.11617185 0.00247129]
1.7
[[30.46444948  8.99489986  1.37698027] [36.12623839  9.92541001  2.87581287] [41.05835251  4.02248903  2.5515127 ] [44.84700737  3.38853194  1.79952131] [50.99670576  1.81501646  0.41528295] [55.35922523  1.7151173   0.3575845 ] [60.64680868  1.60060012  0.21104154] [65.3073914   1.5337704   0.25560617] [70.04094194  1.35100208  0.26265432] [75.98277211  1.15516595  0.40342279] [80.38281802  0.98078607  0.51679715]]
1
[-10   0  30  60  90 110 130 160]
1.0
5.0
5.0
-0.03
qFit 3.1573996731660725
pFit [28.29199295  3.22949929 12.74227357 15.41852371 13.71327138 20.00797896 87.93621701]
time(s): 1965.4572587380003

NEW_MODEL
[6.53073914e+01 1.32621375e+01 2.01799559e+00 1.95596420e-02]
[0.85017729 0.16444287 0.11060711 0.00325966]
1.7
[[30.46444948  8.99489986  1.37698027] [36.12623839  9.92541001  2.87581287] [41.05835251  4.02248903  2.5515127 ] [44.84700737  3.38853194  1.79952131] [50.99670576  1.81501646  0.41528295] [55.35922523  1.7151173   0.3575845 ] [60.64680868  1.60060012  0.21104154] [65.3073914   1.5337704   0.25560617] [70.04094194  1.35100208  0.26265432] [75.98277211  1.15516595  0.40342279] [80.38281802  0.98078607  0.51679715]]
1
[-10   0  30  60  90 110 130 160]
1.0
5.0
5.0
-0.03
qFit 5.702440132736508
pFit [28.3413478   3.18536504 16.52755805 17.28910135 12.58100962 28.32102672 38.98758904]
time(s): 2088.849172413

NEW_MODEL
[7.00409419e+01 1.31480748e+01 2.07760776e+00 2.22057392e-02]
[1.44261106 0.16527283 0.11829809 0.00431712]
1.7
[[30.46444948  8.99489986  1.37698027] [36.12623839  9.92541001  2.87581287] [41.05835251  4.02248903  2.5515127 ] [44.84700737  3.38853194  1.79952131] [50.99670576  1.81501646  0.41528295] [55.35922523  1.7151173   0.3575845 ] [60.64680868  1.60060012  0.21104154] [65.3073914   1.5337704   0.25560617] [70.04094194  1.35100208  0.26265432] [75.98277211  1.15516595  0.40342279] [80.38281802  0.98078607  0.51679715]]
1
[-10   0  30  60  90 110 130 160]
1.0
5.0
5.0
-0.03
qFit 9.53119878466214
pFit [ 8.49308224 20.96726197 22.72887964 20.15488938 10.81096995 33.8863279 55.13663697]
time(s): 2206.164805105

NEW_MODEL
[7.59827721e+01 1.30288018e+01 2.10699656e+00 2.59702945e-02]
[1.06361497 0.19058565 0.13445613 0.0090697 ]
1.7
[[30.46444948  8.99489986  1.37698027] [36.12623839  9.92541001  2.87581287] [41.05835251  4.02248903  2.5515127 ] [44.84700737  3.38853194  1.79952131] [50.99670576  1.81501646  0.41528295] [55.35922523  1.7151173   0.3575845 ] [60.64680868  1.60060012  0.21104154] [65.3073914   1.5337704   0.25560617] [70.04094194  1.35100208  0.26265432] [75.98277211  1.15516595  0.40342279] [80.38281802  0.98078607  0.51679715]]
1
[-10   0  30  60  90 110 130 160]
1.0
5.0
5.0
-0.03
qFit 8.594591022882874
pFit [28.64563008  3.35230524 24.96707166 21.6078527   8.82932776  0.14959941  0.25941738]
time(s): 2307.78731624

NEW_MODEL
[8.03828180e+01 1.29875929e+01 2.03920129e+00 3.05877100e-02]
[1.11938612 0.25716647 0.15924009 0.01611732]
1.7
[[30.46444948  8.99489986  1.37698027] [36.12623839  9.92541001  2.87581287] [41.05835251  4.02248903  2.5515127 ] [44.84700737  3.38853194  1.79952131] [50.99670576  1.81501646  0.41528295] [55.35922523  1.7151173   0.3575845 ] [60.64680868  1.60060012  0.21104154] [65.3073914   1.5337704   0.25560617] [70.04094194  1.35100208  0.26265432] [75.98277211  1.15516595  0.40342279] [80.38281802  0.98078607  0.51679715]]
1
[-10   0  30  60  90 110 130 160]
1.0
5.0
5.0
-0.03
qFit 7.039054826067482
pFit [28.93599452  3.29449166 28.42703121 22.80885458  9.38984771 38.28420193 31.43767319]
time(s): 2443.963709088

NEW_MODEL
[3.04644495e+01 1.42904620e+01 1.44768917e+00 3.33522334e-03]
[8.08204112e-01 8.87928852e-02 5.67641984e-02 5.10571192e-04]
1.7
[[30.46444948  8.99489986  1.37698027] [36.12623839  9.92541001  2.87581287] [41.05835251  4.02248903  2.5515127 ] [44.84700737  3.38853194  1.79952131] [50.99670576  1.81501646  0.41528295] [55.35922523  1.7151173   0.3575845 ] [60.64680868  1.60060012  0.21104154] [65.3073914   1.5337704   0.25560617] [70.04094194  1.35100208  0.26265432] [75.98277211  1.15516595  0.40342279] [80.38281802  0.98078607  0.51679715]]
2
[-10   0  30  60  90 110 130 160]
1.0
5.0
5.0
-0.03
qFit 6.0288128871063495
pFit [ 0.03003502 29.81262753  0.08327415  0.08330327  0.05545231  7.95004906 19.79880349]
time(s): 2536.715968476

NEW_MODEL
[3.61262384e+01 1.41837241e+01 1.55977998e+00 3.02254516e-03]
[9.12424024e-01 6.56443821e-02 5.71914157e-02 8.75759719e-04]
1.7
[[30.46444948  8.99489986  1.37698027] [36.12623839  9.92541001  2.87581287] [41.05835251  4.02248903  2.5515127 ] [44.84700737  3.38853194  1.79952131] [50.99670576  1.81501646  0.41528295] [55.35922523  1.7151173   0.3575845 ] [60.64680868  1.60060012  0.21104154] [65.3073914   1.5337704   0.25560617] [70.04094194  1.35100208  0.26265432] [75.98277211  1.15516595  0.40342279] [80.38281802  0.98078607  0.51679715]]
2
[-10   0  30  60  90 110 130 160]
1.0
5.0
5.0
-0.03
qFit 2.711593533598452
pFit [28.75835818  4.17999022  0.41029596  0.09930143  0.17505727  4.43094191 19.82936156]
time(s): 2621.894296318

NEW_MODEL
[4.10583525e+01 1.40633552e+01 1.70487427e+00 7.45806881e-03]
[1.1397747  0.06942091 0.06358735 0.00473074]
1.7
[[30.46444948  8.99489986  1.37698027] [36.12623839  9.92541001  2.87581287] [41.05835251  4.02248903  2.5515127 ] [44.84700737  3.38853194  1.79952131] [50.99670576  1.81501646  0.41528295] [55.35922523  1.7151173   0.3575845 ] [60.64680868  1.60060012  0.21104154] [65.3073914   1.5337704   0.25560617] [70.04094194  1.35100208  0.26265432] [75.98277211  1.15516595  0.40342279] [80.38281802  0.98078607  0.51679715]]
2
[-10   0  30  60  90 110 130 160]
1.0
5.0
5.0
-0.03
qFit 1.761388528313812
pFit [29.16004261  3.09213511  3.47013987  0.1122768  12.15445569 11.37332088 21.75537273]
time(s): 2737.1049625670003

NEW_MODEL
[4.48470074e+01 1.39682940e+01 1.78137520e+00 8.85339154e-03]
[0.66563192 0.08309308 0.08124434 0.0047017 ]
1.7
[[30.46444948  8.99489986  1.37698027] [36.12623839  9.92541001  2.87581287] [41.05835251  4.02248903  2.5515127 ] [44.84700737  3.38853194  1.79952131] [50.99670576  1.81501646  0.41528295] [55.35922523  1.7151173   0.3575845 ] [60.64680868  1.60060012  0.21104154] [65.3073914   1.5337704   0.25560617] [70.04094194  1.35100208  0.26265432] [75.98277211  1.15516595  0.40342279] [80.38281802  0.98078607  0.51679715]]
2
[-10   0  30  60  90 110 130 160]
1.0
5.0
5.0
-0.03
qFit 1.5986197523250962
pFit [29.1578353   3.07532603  6.63404758  0.46783146 12.39818059 11.55806168 23.25497547]
time(s): 2834.59397116

NEW_MODEL
[5.09967058e+01 1.38122369e+01 1.88194676e+00 1.65287757e-02]
[0.83335057 0.112559   0.1185105  0.00378185]
1.7
[[30.46444948  8.99489986  1.37698027] [36.12623839  9.92541001  2.87581287] [41.05835251  4.02248903  2.5515127 ] [44.84700737  3.38853194  1.79952131] [50.99670576  1.81501646  0.41528295] [55.35922523  1.7151173   0.3575845 ] [60.64680868  1.60060012  0.21104154] [65.3073914   1.5337704   0.25560617] [70.04094194  1.35100208  0.26265432] [75.98277211  1.15516595  0.40342279] [80.38281802  0.98078607  0.51679715]]
2
[-10   0  30  60  90 110 130 160]
1.0
5.0
5.0
-0.03
qFit 1.6037208034586017
pFit [29.1588687   3.05409704  6.03623934  9.17170475 14.56336925 12.79207714 34.82326805]
time(s): 2965.67752665

NEW_MODEL
[5.53592252e+01 1.36665511e+01 1.93605750e+00 1.74915150e-02]
[1.30349031 0.13151564 0.12850443 0.0036468 ]
1.7
[[30.46444948  8.99489986  1.37698027] [36.12623839  9.92541001  2.87581287] [41.05835251  4.02248903  2.5515127 ] [44.84700737  3.38853194  1.79952131] [50.99670576  1.81501646  0.41528295] [55.35922523  1.7151173   0.3575845 ] [60.64680868  1.60060012  0.21104154] [65.3073914   1.5337704   0.25560617] [70.04094194  1.35100208  0.26265432] [75.98277211  1.15516595  0.40342279] [80.38281802  0.98078607  0.51679715]]
2
[-10   0  30  60  90 110 130 160]
1.0
5.0
5.0
-0.03
qFit 1.6971716530532948
pFit [28.97792576  3.20478231  7.08741735 14.31081905 13.40060166 14.91737802 61.5721339 ]
time(s): 3117.877073867

NEW_MODEL
[6.06468087e+01 1.34379646e+01 1.97602018e+00 1.87429700e-02]
[0.9070914  0.15159855 0.11617185 0.00247129]
1.7
[[30.46444948  8.99489986  1.37698027] [36.12623839  9.92541001  2.87581287] [41.05835251  4.02248903  2.5515127 ] [44.84700737  3.38853194  1.79952131] [50.99670576  1.81501646  0.41528295] [55.35922523  1.7151173   0.3575845 ] [60.64680868  1.60060012  0.21104154] [65.3073914   1.5337704   0.25560617] [70.04094194  1.35100208  0.26265432] [75.98277211  1.15516595  0.40342279] [80.38281802  0.98078607  0.51679715]]
2
[-10   0  30  60  90 110 130 160]
1.0
5.0
5.0
-0.03
qFit 3.891395960638067
pFit [28.4731243   3.32280509 11.92601384 16.12608118 13.55137614 20.36696259 22.50655866]
time(s): 3239.575465508

NEW_MODEL
[6.53073914e+01 1.32621375e+01 2.01799559e+00 1.95596420e-02]
[0.85017729 0.16444287 0.11060711 0.00325966]
1.7
[[30.46444948  8.99489986  1.37698027] [36.12623839  9.92541001  2.87581287] [41.05835251  4.02248903  2.5515127 ] [44.84700737  3.38853194  1.79952131] [50.99670576  1.81501646  0.41528295] [55.35922523  1.7151173   0.3575845 ] [60.64680868  1.60060012  0.21104154] [65.3073914   1.5337704   0.25560617] [70.04094194  1.35100208  0.26265432] [75.98277211  1.15516595  0.40342279] [80.38281802  0.98078607  0.51679715]]
2
[-10   0  30  60  90 110 130 160]
1.0
5.0
5.0
-0.03
qFit 6.640755536256423
pFit [28.48859248  3.29137755 15.93536015 17.6114148  13.05503792 29.72525055 36.38086677]
time(s): 3366.4556970040003

NEW_MODEL
[7.00409419e+01 1.31480748e+01 2.07760776e+00 2.22057392e-02]
[1.44261106 0.16527283 0.11829809 0.00431712]
1.7
[[30.46444948  8.99489986  1.37698027] [36.12623839  9.92541001  2.87581287] [41.05835251  4.02248903  2.5515127 ] [44.84700737  3.38853194  1.79952131] [50.99670576  1.81501646  0.41528295] [55.35922523  1.7151173   0.3575845 ] [60.64680868  1.60060012  0.21104154] [65.3073914   1.5337704   0.25560617] [70.04094194  1.35100208  0.26265432] [75.98277211  1.15516595  0.40342279] [80.38281802  0.98078607  0.51679715]]
2
[-10   0  30  60  90 110 130 160]
1.0
5.0
5.0
-0.03
qFit 9.337228735881395
pFit [28.49930388  3.2651707  19.81549716 19.57321155 12.35632425 40.54494833 13.04645127]
time(s): 3490.66452425

NEW_MODEL
[7.59827721e+01 1.30288018e+01 2.10699656e+00 2.59702945e-02]
[1.06361497 0.19058565 0.13445613 0.0090697 ]
1.7
[[30.46444948  8.99489986  1.37698027] [36.12623839  9.92541001  2.87581287] [41.05835251  4.02248903  2.5515127 ] [44.84700737  3.38853194  1.79952131] [50.99670576  1.81501646  0.41528295] [55.35922523  1.7151173   0.3575845 ] [60.64680868  1.60060012  0.21104154] [65.3073914   1.5337704   0.25560617] [70.04094194  1.35100208  0.26265432] [75.98277211  1.15516595  0.40342279] [80.38281802  0.98078607  0.51679715]]
2
[-10   0  30  60  90 110 130 160]
1.0
5.0
5.0
-0.03
qFit 10.475026906177703
pFit [28.8914487   3.23509497 24.40120038 21.88414416 10.26349805  0.15486232  6.88432367]
time(s): 3608.232273127

NEW_MODEL
[8.03828180e+01 1.29875929e+01 2.03920129e+00 3.05877100e-02]
[1.11938612 0.25716647 0.15924009 0.01611732]
1.7
[[30.46444948  8.99489986  1.37698027] [36.12623839  9.92541001  2.87581287] [41.05835251  4.02248903  2.5515127 ] [44.84700737  3.38853194  1.79952131] [50.99670576  1.81501646  0.41528295] [55.35922523  1.7151173   0.3575845 ] [60.64680868  1.60060012  0.21104154] [65.3073914   1.5337704   0.25560617] [70.04094194  1.35100208  0.26265432] [75.98277211  1.15516595  0.40342279] [80.38281802  0.98078607  0.51679715]]
2
[-10   0  30  60  90 110 130 160]
1.0
5.0
5.0
-0.03
qFit 9.189288664178171
pFit [28.95669842  3.25254043 27.76742207 23.03296104 13.23097434  0.14670855 53.77961867]
time(s): 3743.104457143

NEW_MODEL
[3.04644495e+01 1.42904620e+01 1.44768917e+00 3.33522334e-03]
[8.08204112e-01 8.87928852e-02 5.67641984e-02 5.10571192e-04]
1.7
[[30.46444948  8.99489986  1.37698027] [36.12623839  9.92541001  2.87581287] [41.05835251  4.02248903  2.5515127 ] [44.84700737  3.38853194  1.79952131] [50.99670576  1.81501646  0.41528295] [55.35922523  1.7151173   0.3575845 ] [60.64680868  1.60060012  0.21104154] [65.3073914   1.5337704   0.25560617] [70.04094194  1.35100208  0.26265432] [75.98277211  1.15516595  0.40342279] [80.38281802  0.98078607  0.51679715]]
3
[-10   0  30  60  90 110 130 160]
1.0
5.0
5.0
-0.03
qFit 7.191521133224201
pFit [ 0.03635253 29.82763702  0.08350238  0.08348403  0.05554731  7.840911 19.86122228]
time(s): 3833.774947946

NEW_MODEL
[3.61262384e+01 1.41837241e+01 1.55977998e+00 3.02254516e-03]
[9.12424024e-01 6.56443821e-02 5.71914157e-02 8.75759719e-04]
1.7
[[30.46444948  8.99489986  1.37698027] [36.12623839  9.92541001  2.87581287] [41.05835251  4.02248903  2.5515127 ] [44.84700737  3.38853194  1.79952131] [50.99670576  1.81501646  0.41528295] [55.35922523  1.7151173   0.3575845 ] [60.64680868  1.60060012  0.21104154] [65.3073914   1.5337704   0.25560617] [70.04094194  1.35100208  0.26265432] [75.98277211  1.15516595  0.40342279] [80.38281802  0.98078607  0.51679715]]
3
[-10   0  30  60  90 110 130 160]
1.0
5.0
5.0
-0.03
qFit 3.708722724690613
pFit [28.99490895  3.48861091  0.83851174  0.10000022  0.09983146  4.21232068 19.82613517]
time(s): 3923.015156108

NEW_MODEL
[4.10583525e+01 1.40633552e+01 1.70487427e+00 7.45806881e-03]
[1.1397747  0.06942091 0.06358735 0.00473074]
1.7
[[30.46444948  8.99489986  1.37698027] [36.12623839  9.92541001  2.87581287] [41.05835251  4.02248903  2.5515127 ] [44.84700737  3.38853194  1.79952131] [50.99670576  1.81501646  0.41528295] [55.35922523  1.7151173   0.3575845 ] [60.64680868  1.60060012  0.21104154] [65.3073914   1.5337704   0.25560617] [70.04094194  1.35100208  0.26265432] [75.98277211  1.15516595  0.40342279] [80.38281802  0.98078607  0.51679715]]
3
[-10   0  30  60  90 110 130 160]
1.0
5.0
5.0
-0.03
qFit 2.077421853643303
pFit [29.207389    3.00056885  3.53231872  0.11402929 12.07967466 11.34649491 21.73468316]
time(s): 4032.520749916

NEW_MODEL
[4.48470074e+01 1.39682940e+01 1.78137520e+00 8.85339154e-03]
[0.66563192 0.08309308 0.08124434 0.0047017 ]
1.7
[[30.46444948  8.99489986  1.37698027] [36.12623839  9.92541001  2.87581287] [41.05835251  4.02248903  2.5515127 ] [44.84700737  3.38853194  1.79952131] [50.99670576  1.81501646  0.41528295] [55.35922523  1.7151173   0.3575845 ] [60.64680868  1.60060012  0.21104154] [65.3073914   1.5337704   0.25560617] [70.04094194  1.35100208  0.26265432] [75.98277211  1.15516595  0.40342279] [80.38281802  0.98078607  0.51679715]]
3
[-10   0  30  60  90 110 130 160]
1.0
5.0
5.0
-0.03
qFit 2.081755734267755
pFit [29.17897073  3.02168596  7.04091666  0.17946223 11.51401374 11.53432766 22.9035194 ]
time(s): 4128.837263977

NEW_MODEL
[5.09967058e+01 1.38122369e+01 1.88194676e+00 1.65287757e-02]
[0.83335057 0.112559   0.1185105  0.00378185]
1.7
[[30.46444948  8.99489986  1.37698027] [36.12623839  9.92541001  2.87581287] [41.05835251  4.02248903  2.5515127 ] [44.84700737  3.38853194  1.79952131] [50.99670576  1.81501646  0.41528295] [55.35922523  1.7151173   0.3575845 ] [60.64680868  1.60060012  0.21104154] [65.3073914   1.5337704   0.25560617] [70.04094194  1.35100208  0.26265432] [75.98277211  1.15516595  0.40342279] [80.38281802  0.98078607  0.51679715]]
3
[-10   0  30  60  90 110 130 160]
1.0
5.0
5.0
-0.03
qFit 2.0333646275450485
pFit [29.15625373  3.05119925  5.78253474  9.6038241  13.87604007 12.8676723 34.06014505]
time(s): 4284.63670493

NEW_MODEL
[5.53592252e+01 1.36665511e+01 1.93605750e+00 1.74915150e-02]
[1.30349031 0.13151564 0.12850443 0.0036468 ]
1.7
[[30.46444948  8.99489986  1.37698027] [36.12623839  9.92541001  2.87581287] [41.05835251  4.02248903  2.5515127 ] [44.84700737  3.38853194  1.79952131] [50.99670576  1.81501646  0.41528295] [55.35922523  1.7151173   0.3575845 ] [60.64680868  1.60060012  0.21104154] [65.3073914   1.5337704   0.25560617] [70.04094194  1.35100208  0.26265432] [75.98277211  1.15516595  0.40342279] [80.38281802  0.98078607  0.51679715]]
3
[-10   0  30  60  90 110 130 160]
1.0
5.0
5.0
-0.03
qFit 2.162678722492812
pFit [28.98303128  3.20275154  6.56546757 15.00036113 13.0387789  15.03408221 59.39890432]
time(s): 4424.701374429

NEW_MODEL
[6.06468087e+01 1.34379646e+01 1.97602018e+00 1.87429700e-02]
[0.9070914  0.15159855 0.11617185 0.00247129]
1.7
[[30.46444948  8.99489986  1.37698027] [36.12623839  9.92541001  2.87581287] [41.05835251  4.02248903  2.5515127 ] [44.84700737  3.38853194  1.79952131] [50.99670576  1.81501646  0.41528295] [55.35922523  1.7151173   0.3575845 ] [60.64680868  1.60060012  0.21104154] [65.3073914   1.5337704   0.25560617] [70.04094194  1.35100208  0.26265432] [75.98277211  1.15516595  0.40342279] [80.38281802  0.98078607  0.51679715]]
3
[-10   0  30  60  90 110 130 160]
1.0
5.0
5.0
-0.03
qFit 4.57952755447524
pFit [28.70149237  3.31631664 11.46465272 16.42556365 13.44564014 20.48784155 20.47520607]
time(s): 4553.060325707

NEW_MODEL
[6.53073914e+01 1.32621375e+01 2.01799559e+00 1.95596420e-02]
[0.85017729 0.16444287 0.11060711 0.00325966]
1.7
[[30.46444948  8.99489986  1.37698027] [36.12623839  9.92541001  2.87581287] [41.05835251  4.02248903  2.5515127 ] [44.84700737  3.38853194  1.79952131] [50.99670576  1.81501646  0.41528295] [55.35922523  1.7151173   0.3575845 ] [60.64680868  1.60060012  0.21104154] [65.3073914   1.5337704   0.25560617] [70.04094194  1.35100208  0.26265432] [75.98277211  1.15516595  0.40342279] [80.38281802  0.98078607  0.51679715]]
3
[-10   0  30  60  90 110 130 160]
1.0
5.0
5.0
-0.03
qFit 7.524494655643734
pFit [28.70103699  3.30739282 15.531707   17.73684305 13.41496915 29.58515224 50.39620576]
time(s): 4678.74757532

NEW_MODEL
[7.00409419e+01 1.31480748e+01 2.07760776e+00 2.22057392e-02]
[1.44261106 0.16527283 0.11829809 0.00431712]
1.7
[[30.46444948  8.99489986  1.37698027] [36.12623839  9.92541001  2.87581287] [41.05835251  4.02248903  2.5515127 ] [44.84700737  3.38853194  1.79952131] [50.99670576  1.81501646  0.41528295] [55.35922523  1.7151173   0.3575845 ] [60.64680868  1.60060012  0.21104154] [65.3073914   1.5337704   0.25560617] [70.04094194  1.35100208  0.26265432] [75.98277211  1.15516595  0.40342279] [80.38281802  0.98078607  0.51679715]]
3
[-10   0  30  60  90 110 130 160]
1.0
5.0
5.0
-0.03
qFit 10.49534050107168
pFit [28.70462778  3.29992001 19.49790817 19.40783838 13.20483323 41.71855545 52.24857975]
time(s): 4797.971779926

NEW_MODEL
[7.59827721e+01 1.30288018e+01 2.10699656e+00 2.59702945e-02]
[1.06361497 0.19058565 0.13445613 0.0090697 ]
1.7
[[30.46444948  8.99489986  1.37698027] [36.12623839  9.92541001  2.87581287] [41.05835251  4.02248903  2.5515127 ] [44.84700737  3.38853194  1.79952131] [50.99670576  1.81501646  0.41528295] [55.35922523  1.7151173   0.3575845 ] [60.64680868  1.60060012  0.21104154] [65.3073914   1.5337704   0.25560617] [70.04094194  1.35100208  0.26265432] [75.98277211  1.15516595  0.40342279] [80.38281802  0.98078607  0.51679715]]
3
[-10   0  30  60  90 110 130 160]
1.0
5.0
5.0
-0.03
qFit 12.199412487654723
pFit [28.97653232  3.20604913 24.3843996  21.45421074 11.6351266   0.1391694 83.88164678]
time(s): 4933.254513309999

NEW_MODEL
[8.03828180e+01 1.29875929e+01 2.03920129e+00 3.05877100e-02]
[1.11938612 0.25716647 0.15924009 0.01611732]
1.7
[[30.46444948  8.99489986  1.37698027] [36.12623839  9.92541001  2.87581287] [41.05835251  4.02248903  2.5515127 ] [44.84700737  3.38853194  1.79952131] [50.99670576  1.81501646  0.41528295] [55.35922523  1.7151173   0.3575845 ] [60.64680868  1.60060012  0.21104154] [65.3073914   1.5337704   0.25560617] [70.04094194  1.35100208  0.26265432] [75.98277211  1.15516595  0.40342279] [80.38281802  0.98078607  0.51679715]]
3
[-10   0  30  60  90 110 130 160]
1.0
5.0
5.0
-0.03
qFit 11.259702751802322
pFit [2.90483341e+01 3.16569854e+00 2.74630931e+01 2.30683537e+01 1.51432473e+01 1.46382902e-01 3.02290090e+02]
time(s): 5084.031864019999

NEW_MODEL
[3.04644495e+01 1.42904620e+01 1.44768917e+00 3.33522334e-03]
[8.08204112e-01 8.87928852e-02 5.67641984e-02 5.10571192e-04]
1.7
[[30.46444948  8.99489986  1.37698027] [36.12623839  9.92541001  2.87581287] [41.05835251  4.02248903  2.5515127 ] [44.84700737  3.38853194  1.79952131] [50.99670576  1.81501646  0.41528295] [55.35922523  1.7151173   0.3575845 ] [60.64680868  1.60060012  0.21104154] [65.3073914   1.5337704   0.25560617] [70.04094194  1.35100208  0.26265432] [75.98277211  1.15516595  0.40342279] [80.38281802  0.98078607  0.51679715]]
4
[-10   0  30  60  90 110 130 160]
1.0
5.0
5.0
-0.03
qFit 8.32391249362339
pFit [ 0.07149507 29.81086869  0.08332189  0.08317053  0.05555296  7.85839699 19.79347999]
time(s): 5166.258713268

NEW_MODEL
[3.61262384e+01 1.41837241e+01 1.55977998e+00 3.02254516e-03]
[9.12424024e-01 6.56443821e-02 5.71914157e-02 8.75759719e-04]
1.7
[[30.46444948  8.99489986  1.37698027] [36.12623839  9.92541001  2.87581287] [41.05835251  4.02248903  2.5515127 ] [44.84700737  3.38853194  1.79952131] [50.99670576  1.81501646  0.41528295] [55.35922523  1.7151173   0.3575845 ] [60.64680868  1.60060012  0.21104154] [65.3073914   1.5337704   0.25560617] [70.04094194  1.35100208  0.26265432] [75.98277211  1.15516595  0.40342279] [80.38281802  0.98078607  0.51679715]]
4
[-10   0  30  60  90 110 130 160]
1.0
5.0
5.0
-0.03
qFit 4.575784240244864
pFit [29.12914526  3.2115193   1.06228362  0.09983322  0.07068484  4.00584376 19.7859358 ]
time(s): 5243.746423506

NEW_MODEL
[4.10583525e+01 1.40633552e+01 1.70487427e+00 7.45806881e-03]
[1.1397747  0.06942091 0.06358735 0.00473074]
1.7
[[30.46444948  8.99489986  1.37698027] [36.12623839  9.92541001  2.87581287] [41.05835251  4.02248903  2.5515127 ] [44.84700737  3.38853194  1.79952131] [50.99670576  1.81501646  0.41528295] [55.35922523  1.7151173   0.3575845 ] [60.64680868  1.60060012  0.21104154] [65.3073914   1.5337704   0.25560617] [70.04094194  1.35100208  0.26265432] [75.98277211  1.15516595  0.40342279] [80.38281802  0.98078607  0.51679715]]
4
[-10   0  30  60  90 110 130 160]
1.0
5.0
5.0
-0.03
qFit 12.93243718479885
pFit [ 0.03893621 29.06328359  6.6499566   0.11277278 16.01817758 11.25207977 23.4201071 ]
time(s): 5335.582305887

NEW_MODEL
[4.48470074e+01 1.39682940e+01 1.78137520e+00 8.85339154e-03]
[0.66563192 0.08309308 0.08124434 0.0047017 ]
1.7
[[30.46444948  8.99489986  1.37698027] [36.12623839  9.92541001  2.87581287] [41.05835251  4.02248903  2.5515127 ] [44.84700737  3.38853194  1.79952131] [50.99670576  1.81501646  0.41528295] [55.35922523  1.7151173   0.3575845 ] [60.64680868  1.60060012  0.21104154] [65.3073914   1.5337704   0.25560617] [70.04094194  1.35100208  0.26265432] [75.98277211  1.15516595  0.40342279] [80.38281802  0.98078607  0.51679715]]
4
[-10   0  30  60  90 110 130 160]
1.0
5.0
5.0
-0.03
qFit 2.6048664875750096
pFit [29.18575918  3.0014469   7.17329826  0.13965824 11.03345937 11.48680733 22.77375731]
time(s): 5435.076843958999

NEW_MODEL
[5.09967058e+01 1.38122369e+01 1.88194676e+00 1.65287757e-02]
[0.83335057 0.112559   0.1185105  0.00378185]
1.7
[[30.46444948  8.99489986  1.37698027] [36.12623839  9.92541001  2.87581287] [41.05835251  4.02248903  2.5515127 ] [44.84700737  3.38853194  1.79952131] [50.99670576  1.81501646  0.41528295] [55.35922523  1.7151173   0.3575845 ] [60.64680868  1.60060012  0.21104154] [65.3073914   1.5337704   0.25560617] [70.04094194  1.35100208  0.26265432] [75.98277211  1.15516595  0.40342279] [80.38281802  0.98078607  0.51679715]]
4
[-10   0  30  60  90 110 130 160]
1.0
5.0
5.0
-0.03
qFit 2.400267551729611
pFit [29.16705371  3.0387867   5.61934101  9.85243392 13.47714547 12.9060589 33.3537668 ]
time(s): 5563.951325976999

NEW_MODEL
[5.53592252e+01 1.36665511e+01 1.93605750e+00 1.74915150e-02]
[1.30349031 0.13151564 0.12850443 0.0036468 ]
1.7
[[30.46444948  8.99489986  1.37698027] [36.12623839  9.92541001  2.87581287] [41.05835251  4.02248903  2.5515127 ] [44.84700737  3.38853194  1.79952131] [50.99670576  1.81501646  0.41528295] [55.35922523  1.7151173   0.3575845 ] [60.64680868  1.60060012  0.21104154] [65.3073914   1.5337704   0.25560617] [70.04094194  1.35100208  0.26265432] [75.98277211  1.15516595  0.40342279] [80.38281802  0.98078607  0.51679715]]
4
[-10   0  30  60  90 110 130 160]
1.0
5.0
5.0
-0.03
qFit 2.938526686228924
pFit [29.00469061  3.18264373  6.02131441 16.02095581 12.94670346 17.88910373  4.77017259]
time(s): 5664.499107594

NEW_MODEL
[6.06468087e+01 1.34379646e+01 1.97602018e+00 1.87429700e-02]
[0.9070914  0.15159855 0.11617185 0.00247129]
1.7
[[30.46444948  8.99489986  1.37698027] [36.12623839  9.92541001  2.87581287] [41.05835251  4.02248903  2.5515127 ] [44.84700737  3.38853194  1.79952131] [50.99670576  1.81501646  0.41528295] [55.35922523  1.7151173   0.3575845 ] [60.64680868  1.60060012  0.21104154] [65.3073914   1.5337704   0.25560617] [70.04094194  1.35100208  0.26265432] [75.98277211  1.15516595  0.40342279] [80.38281802  0.98078607  0.51679715]]
4
[-10   0  30  60  90 110 130 160]
1.0
5.0
5.0
-0.03
qFit 5.246814718327281
pFit [28.83339616  3.27747517 11.10775037 16.77678352 13.37650184 20.43468709 26.64749197]
time(s): 5779.960416792999

NEW_MODEL
[6.53073914e+01 1.32621375e+01 2.01799559e+00 1.95596420e-02]
[0.85017729 0.16444287 0.11060711 0.00325966]
1.7
[[30.46444948  8.99489986  1.37698027] [36.12623839  9.92541001  2.87581287] [41.05835251  4.02248903  2.5515127 ] [44.84700737  3.38853194  1.79952131] [50.99670576  1.81501646  0.41528295] [55.35922523  1.7151173   0.3575845 ] [60.64680868  1.60060012  0.21104154] [65.3073914   1.5337704   0.25560617] [70.04094194  1.35100208  0.26265432] [75.98277211  1.15516595  0.40342279] [80.38281802  0.98078607  0.51679715]]
4
[-10   0  30  60  90 110 130 160]
1.0
5.0
5.0
-0.03
qFit 8.37310893583628
pFit [28.83576967  3.26298558 15.28053202 17.88231772 13.67644079 29.98252732 43.30555997]
time(s): 5929.688139020999

NEW_MODEL
[7.00409419e+01 1.31480748e+01 2.07760776e+00 2.22057392e-02]
[1.44261106 0.16527283 0.11829809 0.00431712]
1.7
[[30.46444948  8.99489986  1.37698027] [36.12623839  9.92541001  2.87581287] [41.05835251  4.02248903  2.5515127 ] [44.84700737  3.38853194  1.79952131] [50.99670576  1.81501646  0.41528295] [55.35922523  1.7151173   0.3575845 ] [60.64680868  1.60060012  0.21104154] [65.3073914   1.5337704   0.25560617] [70.04094194  1.35100208  0.26265432] [75.98277211  1.15516595  0.40342279] [80.38281802  0.98078607  0.51679715]]
4
[-10   0  30  60  90 110 130 160]
1.0
5.0
5.0
-0.03
qFit 11.588357612381103
pFit [28.83986657  3.25583255 19.33519931 19.30181617 13.86534559 46.23016184 65.64911414]
time(s): 6067.865532751

NEW_MODEL
[7.59827721e+01 1.30288018e+01 2.10699656e+00 2.59702945e-02]
[1.06361497 0.19058565 0.13445613 0.0090697 ]
1.7
[[30.46444948  8.99489986  1.37698027] [36.12623839  9.92541001  2.87581287] [41.05835251  4.02248903  2.5515127 ] [44.84700737  3.38853194  1.79952131] [50.99670576  1.81501646  0.41528295] [55.35922523  1.7151173   0.3575845 ] [60.64680868  1.60060012  0.21104154] [65.3073914   1.5337704   0.25560617] [70.04094194  1.35100208  0.26265432] [75.98277211  1.15516595  0.40342279] [80.38281802  0.98078607  0.51679715]]
4
[-10   0  30  60  90 110 130 160]
1.0
5.0
5.0
-0.03
qFit 13.828612918107973
pFit [28.98297156  3.19568541 24.29583171 21.29818285 12.83941019  0.14891189 40.70918351]
time(s): 6186.840389452

NEW_MODEL
[8.03828180e+01 1.29875929e+01 2.03920129e+00 3.05877100e-02]
[1.11938612 0.25716647 0.15924009 0.01611732]
1.7
[[30.46444948  8.99489986  1.37698027] [36.12623839  9.92541001  2.87581287] [41.05835251  4.02248903  2.5515127 ] [44.84700737  3.38853194  1.79952131] [50.99670576  1.81501646  0.41528295] [55.35922523  1.7151173   0.3575845 ] [60.64680868  1.60060012  0.21104154] [65.3073914   1.5337704   0.25560617] [70.04094194  1.35100208  0.26265432] [75.98277211  1.15516595  0.40342279] [80.38281802  0.98078607  0.51679715]]
4
[-10   0  30  60  90 110 130 160]
1.0
5.0
5.0
-0.03
qFit 13.291257548405877
pFit [29.12092141  3.09140581 27.17366807 23.01184908 17.93984876 30.50542098 16.36272238]
time(s): 6310.030282946999

NEW_MODEL
[3.04644495e+01 1.42904620e+01 1.44768917e+00 3.33522334e-03]
[8.08204112e-01 8.87928852e-02 5.67641984e-02 5.10571192e-04]
1.7
[[30.46444948  8.99489986  1.37698027] [36.12623839  9.92541001  2.87581287] [41.05835251  4.02248903  2.5515127 ] [44.84700737  3.38853194  1.79952131] [50.99670576  1.81501646  0.41528295] [55.35922523  1.7151173   0.3575845 ] [60.64680868  1.60060012  0.21104154] [65.3073914   1.5337704   0.25560617] [70.04094194  1.35100208  0.26265432] [75.98277211  1.15516595  0.40342279] [80.38281802  0.98078607  0.51679715]]
5
[-10   0  30  60  90 110 130 160]
1.0
5.0
5.0
-0.03
qFit 9.44548141138749
pFit [ 0.07506112 29.81479559  0.08347158  0.08311541  0.05540787  7.7839594 19.78152531]
time(s): 6390.902932151

NEW_MODEL
[3.61262384e+01 1.41837241e+01 1.55977998e+00 3.02254516e-03]
[9.12424024e-01 6.56443821e-02 5.71914157e-02 8.75759719e-04]
1.7
[[30.46444948  8.99489986  1.37698027] [36.12623839  9.92541001  2.87581287] [41.05835251  4.02248903  2.5515127 ] [44.84700737  3.38853194  1.79952131] [50.99670576  1.81501646  0.41528295] [55.35922523  1.7151173   0.3575845 ] [60.64680868  1.60060012  0.21104154] [65.3073914   1.5337704   0.25560617] [70.04094194  1.35100208  0.26265432] [75.98277211  1.15516595  0.40342279] [80.38281802  0.98078607  0.51679715]]
5
[-10   0  30  60  90 110 130 160]
1.0
5.0
5.0
-0.03
qFit 5.412914056200448
pFit [29.10569787  3.22302078  1.12295307  0.10079498  0.07190516  4.01888409 19.81436934]
time(s): 6478.266475906999

NEW_MODEL
[4.10583525e+01 1.40633552e+01 1.70487427e+00 7.45806881e-03]
[1.1397747  0.06942091 0.06358735 0.00473074]
1.7
[[30.46444948  8.99489986  1.37698027] [36.12623839  9.92541001  2.87581287] [41.05835251  4.02248903  2.5515127 ] [44.84700737  3.38853194  1.79952131] [50.99670576  1.81501646  0.41528295] [55.35922523  1.7151173   0.3575845 ] [60.64680868  1.60060012  0.21104154] [65.3073914   1.5337704   0.25560617] [70.04094194  1.35100208  0.26265432] [75.98277211  1.15516595  0.40342279] [80.38281802  0.98078607  0.51679715]]
5
[-10   0  30  60  90 110 130 160]
1.0
5.0
5.0
-0.03
qFit 3.2749347629127277
pFit [30.59388285  0.23862227  4.92738817  0.13859922 13.53035329 11.38115003 22.57164216]
time(s): 6583.602576773999

NEW_MODEL
[4.48470074e+01 1.39682940e+01 1.78137520e+00 8.85339154e-03]
[0.66563192 0.08309308 0.08124434 0.0047017 ]
1.7
[[30.46444948  8.99489986  1.37698027] [36.12623839  9.92541001  2.87581287] [41.05835251  4.02248903  2.5515127 ] [44.84700737  3.38853194  1.79952131] [50.99670576  1.81501646  0.41528295] [55.35922523  1.7151173   0.3575845 ] [60.64680868  1.60060012  0.21104154] [65.3073914   1.5337704   0.25560617] [70.04094194  1.35100208  0.26265432] [75.98277211  1.15516595  0.40342279] [80.38281802  0.98078607  0.51679715]]
5
[-10   0  30  60  90 110 130 160]
1.0
5.0
5.0
-0.03
qFit 3.134879427963745
pFit [29.18192849  3.01198284  7.14264126  0.13901123 11.08970961 11.45063435 22.74142442]
time(s): 6672.362815113999

NEW_MODEL
[5.09967058e+01 1.38122369e+01 1.88194676e+00 1.65287757e-02]
[0.83335057 0.112559   0.1185105  0.00378185]
1.7
[[30.46444948  8.99489986  1.37698027] [36.12623839  9.92541001  2.87581287] [41.05835251  4.02248903  2.5515127 ] [44.84700737  3.38853194  1.79952131] [50.99670576  1.81501646  0.41528295] [55.35922523  1.7151173   0.3575845 ] [60.64680868  1.60060012  0.21104154] [65.3073914   1.5337704   0.25560617] [70.04094194  1.35100208  0.26265432] [75.98277211  1.15516595  0.40342279] [80.38281802  0.98078607  0.51679715]]
5
[-10   0  30  60  90 110 130 160]
1.0
5.0
5.0
-0.03
qFit 2.7366369258539813
pFit [29.15712366  3.05464207  5.52637606 10.02072118 13.20998982 12.94984906 32.50771812]
time(s): 6798.221404903999

NEW_MODEL
[5.53592252e+01 1.36665511e+01 1.93605750e+00 1.74915150e-02]
[1.30349031 0.13151564 0.12850443 0.0036468 ]
1.7
[[30.46444948  8.99489986  1.37698027] [36.12623839  9.92541001  2.87581287] [41.05835251  4.02248903  2.5515127 ] [44.84700737  3.38853194  1.79952131] [50.99670576  1.81501646  0.41528295] [55.35922523  1.7151173   0.3575845 ] [60.64680868  1.60060012  0.21104154] [65.3073914   1.5337704   0.25560617] [70.04094194  1.35100208  0.26265432] [75.98277211  1.15516595  0.40342279] [80.38281802  0.98078607  0.51679715]]
5
[-10   0  30  60  90 110 130 160]
1.0
5.0
5.0
-0.03
qFit 3.0201690017139025
pFit [29.03256689  3.15982771  6.10258751 15.5870063  12.79759491 15.12648131 57.37654879]
time(s): 6925.335118231999

NEW_MODEL
[6.06468087e+01 1.34379646e+01 1.97602018e+00 1.87429700e-02]
[0.9070914  0.15159855 0.11617185 0.00247129]
1.7
[[30.46444948  8.99489986  1.37698027] [36.12623839  9.92541001  2.87581287] [41.05835251  4.02248903  2.5515127 ] [44.84700737  3.38853194  1.79952131] [50.99670576  1.81501646  0.41528295] [55.35922523  1.7151173   0.3575845 ] [60.64680868  1.60060012  0.21104154] [65.3073914   1.5337704   0.25560617] [70.04094194  1.35100208  0.26265432] [75.98277211  1.15516595  0.40342279] [80.38281802  0.98078607  0.51679715]]
5
[-10   0  30  60  90 110 130 160]
1.0
5.0
5.0
-0.03
qFit 5.908866415331941
pFit [28.91519387  3.21595963 11.02187825 16.83068282 13.33715307 20.59831836 19.16477897]
time(s): 7042.555638618999

NEW_MODEL
[6.53073914e+01 1.32621375e+01 2.01799559e+00 1.95596420e-02]
[0.85017729 0.16444287 0.11060711 0.00325966]
1.7
[[30.46444948  8.99489986  1.37698027] [36.12623839  9.92541001  2.87581287] [41.05835251  4.02248903  2.5515127 ] [44.84700737  3.38853194  1.79952131] [50.99670576  1.81501646  0.41528295] [55.35922523  1.7151173   0.3575845 ] [60.64680868  1.60060012  0.21104154] [65.3073914   1.5337704   0.25560617] [70.04094194  1.35100208  0.26265432] [75.98277211  1.15516595  0.40342279] [80.38281802  0.98078607  0.51679715]]
5
[-10   0  30  60  90 110 130 160]
1.0
5.0
5.0
-0.03
qFit 9.208335539614826
pFit [28.85083893  3.25221899 15.21841162 17.91364224 13.85994427 29.93027756 36.85576843]
time(s): 7178.267739534

NEW_MODEL
[7.00409419e+01 1.31480748e+01 2.07760776e+00 2.22057392e-02]
[1.44261106 0.16527283 0.11829809 0.00431712]
1.7
[[30.46444948  8.99489986  1.37698027] [36.12623839  9.92541001  2.87581287] [41.05835251  4.02248903  2.5515127 ] [44.84700737  3.38853194  1.79952131] [50.99670576  1.81501646  0.41528295] [55.35922523  1.7151173   0.3575845 ] [60.64680868  1.60060012  0.21104154] [65.3073914   1.5337704   0.25560617] [70.04094194  1.35100208  0.26265432] [75.98277211  1.15516595  0.40342279] [80.38281802  0.98078607  0.51679715]]
5
[-10   0  30  60  90 110 130 160]
1.0
5.0
5.0
-0.03
qFit 12.641899449364383
pFit [28.8473538   3.2485097  19.26927198 19.21478894 14.35459196 46.34640309 34.00455878]
time(s): 7302.1279427009995

NEW_MODEL
[7.59827721e+01 1.30288018e+01 2.10699656e+00 2.59702945e-02]
[1.06361497 0.19058565 0.13445613 0.0090697 ]
1.7
[[30.46444948  8.99489986  1.37698027] [36.12623839  9.92541001  2.87581287] [41.05835251  4.02248903  2.5515127 ] [44.84700737  3.38853194  1.79952131] [50.99670576  1.81501646  0.41528295] [55.35922523  1.7151173   0.3575845 ] [60.64680868  1.60060012  0.21104154] [65.3073914   1.5337704   0.25560617] [70.04094194  1.35100208  0.26265432] [75.98277211  1.15516595  0.40342279] [80.38281802  0.98078607  0.51679715]]
5
[-10   0  30  60  90 110 130 160]
1.0
5.0
5.0
-0.03
qFit 15.387967308861317
pFit [29.01100643  3.17348989 24.2311816  21.12542361 13.87133607  0.17062222  0.34905568]
time(s): 7400.5796955959995

NEW_MODEL
[8.03828180e+01 1.29875929e+01 2.03920129e+00 3.05877100e-02]
[1.11938612 0.25716647 0.15924009 0.01611732]
1.7
[[30.46444948  8.99489986  1.37698027] [36.12623839  9.92541001  2.87581287] [41.05835251  4.02248903  2.5515127 ] [44.84700737  3.38853194  1.79952131] [50.99670576  1.81501646  0.41528295] [55.35922523  1.7151173   0.3575845 ] [60.64680868  1.60060012  0.21104154] [65.3073914   1.5337704   0.25560617] [70.04094194  1.35100208  0.26265432] [75.98277211  1.15516595  0.40342279] [80.38281802  0.98078607  0.51679715]]
5
[-10   0  30  60  90 110 130 160]
1.0
5.0
5.0
-0.03
qFit 15.23112169471002
pFit [29.10865231  3.10469624 27.09103874 22.79289644 19.58418903  7.93385865  0.39975545]
time(s): 7501.245738688

NEW_MODEL
[3.04644495e+01 1.42904620e+01 1.44768917e+00 3.33522334e-03]
[8.08204112e-01 8.87928852e-02 5.67641984e-02 5.10571192e-04]
1.7
[[30.46444948  8.99489986  1.37698027] [36.12623839  9.92541001  2.87581287] [41.05835251  4.02248903  2.5515127 ] [44.84700737  3.38853194  1.79952131] [50.99670576  1.81501646  0.41528295] [55.35922523  1.7151173   0.3575845 ] [60.64680868  1.60060012  0.21104154] [65.3073914   1.5337704   0.25560617] [70.04094194  1.35100208  0.26265432] [75.98277211  1.15516595  0.40342279] [80.38281802  0.98078607  0.51679715]]
6
[-10   0  30  60  90 110 130 160]
1.0
5.0
5.0
-0.03
qFit 10.56688320853821
pFit [ 0.04168747 29.85348842  0.08347251  0.08328023  0.05575585  7.76860451 19.78174397]
time(s): 7594.850479590999

NEW_MODEL
[3.61262384e+01 1.41837241e+01 1.55977998e+00 3.02254516e-03]
[9.12424024e-01 6.56443821e-02 5.71914157e-02 8.75759719e-04]
1.7
[[30.46444948  8.99489986  1.37698027] [36.12623839  9.92541001  2.87581287] [41.05835251  4.02248903  2.5515127 ] [44.84700737  3.38853194  1.79952131] [50.99670576  1.81501646  0.41528295] [55.35922523  1.7151173   0.3575845 ] [60.64680868  1.60060012  0.21104154] [65.3073914   1.5337704   0.25560617] [70.04094194  1.35100208  0.26265432] [75.98277211  1.15516595  0.40342279] [80.38281802  0.98078607  0.51679715]]
6
[-10   0  30  60  90 110 130 160]
1.0
5.0
5.0
-0.03
qFit 6.218645351333045
pFit [29.15114871  3.10792353  1.19286181  0.09949946  0.06601343  3.95371752 19.76121224]
time(s): 7676.978360919

NEW_MODEL
[4.10583525e+01 1.40633552e+01 1.70487427e+00 7.45806881e-03]
[1.1397747  0.06942091 0.06358735 0.00473074]
1.7
[[30.46444948  8.99489986  1.37698027] [36.12623839  9.92541001  2.87581287] [41.05835251  4.02248903  2.5515127 ] [44.84700737  3.38853194  1.79952131] [50.99670576  1.81501646  0.41528295] [55.35922523  1.7151173   0.3575845 ] [60.64680868  1.60060012  0.21104154] [65.3073914   1.5337704   0.25560617] [70.04094194  1.35100208  0.26265432] [75.98277211  1.15516595  0.40342279] [80.38281802  0.98078607  0.51679715]]
6
[-10   0  30  60  90 110 130 160]
1.0
5.0
5.0
-0.03
qFit 16.589311907302765
pFit [ 1.09195975 27.86681102  6.79769889  0.11726228 15.59859953 11.25207363 23.12007897]
time(s): 7768.879108935

NEW_MODEL
[4.48470074e+01 1.39682940e+01 1.78137520e+00 8.85339154e-03]
[0.66563192 0.08309308 0.08124434 0.0047017 ]
1.7
[[30.46444948  8.99489986  1.37698027] [36.12623839  9.92541001  2.87581287] [41.05835251  4.02248903  2.5515127 ] [44.84700737  3.38853194  1.79952131] [50.99670576  1.81501646  0.41528295] [55.35922523  1.7151173   0.3575845 ] [60.64680868  1.60060012  0.21104154] [65.3073914   1.5337704   0.25560617] [70.04094194  1.35100208  0.26265432] [75.98277211  1.15516595  0.40342279] [80.38281802  0.98078607  0.51679715]]
6
[-10   0  30  60  90 110 130 160]
1.0
5.0
5.0
-0.03
qFit 3.6648854512972413
pFit [29.18128928  3.01512647  6.97794386  0.23372877 11.49717777 11.5003501 22.89486172]
time(s): 7879.85412558

NEW_MODEL
[5.09967058e+01 1.38122369e+01 1.88194676e+00 1.65287757e-02]
[0.83335057 0.112559   0.1185105  0.00378185]
1.7
[[30.46444948  8.99489986  1.37698027] [36.12623839  9.92541001  2.87581287] [41.05835251  4.02248903  2.5515127 ] [44.84700737  3.38853194  1.79952131] [50.99670576  1.81501646  0.41528295] [55.35922523  1.7151173   0.3575845 ] [60.64680868  1.60060012  0.21104154] [65.3073914   1.5337704   0.25560617] [70.04094194  1.35100208  0.26265432] [75.98277211  1.15516595  0.40342279] [80.38281802  0.98078607  0.51679715]]
6
[-10   0  30  60  90 110 130 160]
1.0
5.0
5.0
-0.03
qFit 3.056727187790321
pFit [29.14440609  3.07210742  5.43521582 10.12156038 13.03409168 12.96621165 32.26625985]
time(s): 8034.070974673

NEW_MODEL
[5.53592252e+01 1.36665511e+01 1.93605750e+00 1.74915150e-02]
[1.30349031 0.13151564 0.12850443 0.0036468 ]
1.7
[[30.46444948  8.99489986  1.37698027] [36.12623839  9.92541001  2.87581287] [41.05835251  4.02248903  2.5515127 ] [44.84700737  3.38853194  1.79952131] [50.99670576  1.81501646  0.41528295] [55.35922523  1.7151173   0.3575845 ] [60.64680868  1.60060012  0.21104154] [65.3073914   1.5337704   0.25560617] [70.04094194  1.35100208  0.26265432] [75.98277211  1.15516595  0.40342279] [80.38281802  0.98078607  0.51679715]]
6
[-10   0  30  60  90 110 130 160]
1.0
5.0
5.0
-0.03
qFit 3.4313960364971896
pFit [29.05051492  3.14592324  5.95820969 15.74277183 12.70457973 15.14717856 56.63236606]
time(s): 8189.855853494999

NEW_MODEL
[6.06468087e+01 1.34379646e+01 1.97602018e+00 1.87429700e-02]
[0.9070914  0.15159855 0.11617185 0.00247129]
1.7
[[30.46444948  8.99489986  1.37698027] [36.12623839  9.92541001  2.87581287] [41.05835251  4.02248903  2.5515127 ] [44.84700737  3.38853194  1.79952131] [50.99670576  1.81501646  0.41528295] [55.35922523  1.7151173   0.3575845 ] [60.64680868  1.60060012  0.21104154] [65.3073914   1.5337704   0.25560617] [70.04094194  1.35100208  0.26265432] [75.98277211  1.15516595  0.40342279] [80.38281802  0.98078607  0.51679715]]
6
[-10   0  30  60  90 110 130 160]
1.0
5.0
5.0
-0.03
qFit 6.5649652236926395
pFit [ 28.9949062    3.16828387  10.97604105  16.82232352  13.37745242  20.23220461 173.33818576]
time(s): 8420.54081889

NEW_MODEL
[6.53073914e+01 1.32621375e+01 2.01799559e+00 1.95596420e-02]
[0.85017729 0.16444287 0.11060711 0.00325966]
1.7
[[30.46444948  8.99489986  1.37698027] [36.12623839  9.92541001  2.87581287] [41.05835251  4.02248903  2.5515127 ] [44.84700737  3.38853194  1.79952131] [50.99670576  1.81501646  0.41528295] [55.35922523  1.7151173   0.3575845 ] [60.64680868  1.60060012  0.21104154] [65.3073914   1.5337704   0.25560617] [70.04094194  1.35100208  0.26265432] [75.98277211  1.15516595  0.40342279] [80.38281802  0.98078607  0.51679715]]
6
[-10   0  30  60  90 110 130 160]
1.0
5.0
5.0
-0.03
qFit 10.034603376450491
pFit [28.97210423  3.18054996 15.10568368 17.96567752 14.00179258 30.04602859 30.05237768]
time(s): 8591.65560344

NEW_MODEL
[7.00409419e+01 1.31480748e+01 2.07760776e+00 2.22057392e-02]
[1.44261106 0.16527283 0.11829809 0.00431712]
1.7
[[30.46444948  8.99489986  1.37698027] [36.12623839  9.92541001  2.87581287] [41.05835251  4.02248903  2.5515127 ] [44.84700737  3.38853194  1.79952131] [50.99670576  1.81501646  0.41528295] [55.35922523  1.7151173   0.3575845 ] [60.64680868  1.60060012  0.21104154] [65.3073914   1.5337704   0.25560617] [70.04094194  1.35100208  0.26265432] [75.98277211  1.15516595  0.40342279] [80.38281802  0.98078607  0.51679715]]
6
[-10   0  30  60  90 110 130 160]
1.0
5.0
5.0
-0.03
qFit 13.667280651993881
pFit [ 28.99733239   3.16341056  19.16567828  19.14667637  14.82609579  53.0781984  216.91751594]
time(s): 8831.484070649

NEW_MODEL
[7.59827721e+01 1.30288018e+01 2.10699656e+00 2.59702945e-02]
[1.06361497 0.19058565 0.13445613 0.0090697 ]
1.7
[[30.46444948  8.99489986  1.37698027] [36.12623839  9.92541001  2.87581287] [41.05835251  4.02248903  2.5515127 ] [44.84700737  3.38853194  1.79952131] [50.99670576  1.81501646  0.41528295] [55.35922523  1.7151173   0.3575845 ] [60.64680868  1.60060012  0.21104154] [65.3073914   1.5337704   0.25560617] [70.04094194  1.35100208  0.26265432] [75.98277211  1.15516595  0.40342279] [80.38281802  0.98078607  0.51679715]]
6
[-10   0  30  60  90 110 130 160]
1.0
5.0
5.0
-0.03
qFit 16.919067562911923
pFit [29.03727207  3.1472734  24.13051971 21.04847368 14.72269935  3.44080062  4.33714837]
time(s): 8949.445990252

NEW_MODEL
[8.03828180e+01 1.29875929e+01 2.03920129e+00 3.05877100e-02]
[1.11938612 0.25716647 0.15924009 0.01611732]
1.7
[[30.46444948  8.99489986  1.37698027] [36.12623839  9.92541001  2.87581287] [41.05835251  4.02248903  2.5515127 ] [44.84700737  3.38853194  1.79952131] [50.99670576  1.81501646  0.41528295] [55.35922523  1.7151173   0.3575845 ] [60.64680868  1.60060012  0.21104154] [65.3073914   1.5337704   0.25560617] [70.04094194  1.35100208  0.26265432] [75.98277211  1.15516595  0.40342279] [80.38281802  0.98078607  0.51679715]]
6
[-10   0  30  60  90 110 130 160]
1.0
5.0
5.0
-0.03
qFit 17.134841786685325
pFit [29.13286779  3.08021567 26.96826376 22.50702439 22.67810274  0.40248459 10.38191997]
time(s): 9055.36061839

NEW_MODEL
[3.04644495e+01 1.42904620e+01 1.44768917e+00 3.33522334e-03]
[8.08204112e-01 8.87928852e-02 5.67641984e-02 5.10571192e-04]
1.7
[[30.46444948  8.99489986  1.37698027] [36.12623839  9.92541001  2.87581287] [41.05835251  4.02248903  2.5515127 ] [44.84700737  3.38853194  1.79952131] [50.99670576  1.81501646  0.41528295] [55.35922523  1.7151173   0.3575845 ] [60.64680868  1.60060012  0.21104154] [65.3073914   1.5337704   0.25560617] [70.04094194  1.35100208  0.26265432] [75.98277211  1.15516595  0.40342279] [80.38281802  0.98078607  0.51679715]]
7
[-10   0  30  60  90 110 130 160]
1.0
5.0
5.0
-0.03
qFit 11.678402478822136
pFit [ 0.03035631 29.86726351  0.08380695  0.08314053  0.05552895  7.69270363 19.79892561]
time(s): 9146.86228337

NEW_MODEL
[3.61262384e+01 1.41837241e+01 1.55977998e+00 3.02254516e-03]
[9.12424024e-01 6.56443821e-02 5.71914157e-02 8.75759719e-04]
1.7
[[30.46444948  8.99489986  1.37698027] [36.12623839  9.92541001  2.87581287] [41.05835251  4.02248903  2.5515127 ] [44.84700737  3.38853194  1.79952131] [50.99670576  1.81501646  0.41528295] [55.35922523  1.7151173   0.3575845 ] [60.64680868  1.60060012  0.21104154] [65.3073914   1.5337704   0.25560617] [70.04094194  1.35100208  0.26265432] [75.98277211  1.15516595  0.40342279] [80.38281802  0.98078607  0.51679715]]
7
[-10   0  30  60  90 110 130 160]
1.0
5.0
5.0
-0.03
qFit 7.060705271861306
pFit [29.22792231  2.99588385  1.27624255  0.10100787  0.06841711  4.12530316 19.79626798]
time(s): 9258.942000133

NEW_MODEL
[4.10583525e+01 1.40633552e+01 1.70487427e+00 7.45806881e-03]
[1.1397747  0.06942091 0.06358735 0.00473074]
1.7
[[30.46444948  8.99489986  1.37698027] [36.12623839  9.92541001  2.87581287] [41.05835251  4.02248903  2.5515127 ] [44.84700737  3.38853194  1.79952131] [50.99670576  1.81501646  0.41528295] [55.35922523  1.7151173   0.3575845 ] [60.64680868  1.60060012  0.21104154] [65.3073914   1.5337704   0.25560617] [70.04094194  1.35100208  0.26265432] [75.98277211  1.15516595  0.40342279] [80.38281802  0.98078607  0.51679715]]
7
[-10   0  30  60  90 110 130 160]
1.0
5.0
5.0
-0.03
qFit 3.366333796751789
pFit [29.12775666  3.05648683  3.54398418  0.16991527 12.40659524 11.22964677 21.7943219 ]
time(s): 9361.909624873

NEW_MODEL
[4.48470074e+01 1.39682940e+01 1.78137520e+00 8.85339154e-03]
[0.66563192 0.08309308 0.08124434 0.0047017 ]
1.7
[[30.46444948  8.99489986  1.37698027] [36.12623839  9.92541001  2.87581287] [41.05835251  4.02248903  2.5515127 ] [44.84700737  3.38853194  1.79952131] [50.99670576  1.81501646  0.41528295] [55.35922523  1.7151173   0.3575845 ] [60.64680868  1.60060012  0.21104154] [65.3073914   1.5337704   0.25560617] [70.04094194  1.35100208  0.26265432] [75.98277211  1.15516595  0.40342279] [80.38281802  0.98078607  0.51679715]]
7
[-10   0  30  60  90 110 130 160]
1.0
5.0
5.0
-0.03
qFit 4.196276021771084
pFit [29.20106211  2.98385274  7.14374786  0.14184971 10.98880427 11.5155937 22.67716162]
time(s): 9473.632730780999

NEW_MODEL
[5.09967058e+01 1.38122369e+01 1.88194676e+00 1.65287757e-02]
[0.83335057 0.112559   0.1185105  0.00378185]
1.7
[[30.46444948  8.99489986  1.37698027] [36.12623839  9.92541001  2.87581287] [41.05835251  4.02248903  2.5515127 ] [44.84700737  3.38853194  1.79952131] [50.99670576  1.81501646  0.41528295] [55.35922523  1.7151173   0.3575845 ] [60.64680868  1.60060012  0.21104154] [65.3073914   1.5337704   0.25560617] [70.04094194  1.35100208  0.26265432] [75.98277211  1.15516595  0.40342279] [80.38281802  0.98078607  0.51679715]]
7
[-10   0  30  60  90 110 130 160]
1.0
5.0
5.0
-0.03
qFit 3.3631804360144657
pFit [29.15284798  3.05645556  5.40006665 10.19738377 12.8983068  12.97515576 32.31717311]
time(s): 9622.463702789

NEW_MODEL
[5.53592252e+01 1.36665511e+01 1.93605750e+00 1.74915150e-02]
[1.30349031 0.13151564 0.12850443 0.0036468 ]
1.7
[[30.46444948  8.99489986  1.37698027] [36.12623839  9.92541001  2.87581287] [41.05835251  4.02248903  2.5515127 ] [44.84700737  3.38853194  1.79952131] [50.99670576  1.81501646  0.41528295] [55.35922523  1.7151173   0.3575845 ] [60.64680868  1.60060012  0.21104154] [65.3073914   1.5337704   0.25560617] [70.04094194  1.35100208  0.26265432] [75.98277211  1.15516595  0.40342279] [80.38281802  0.98078607  0.51679715]]
7
[-10   0  30  60  90 110 130 160]
1.0
5.0
5.0
-0.03
qFit 4.47854178815731
pFit [29.00824587  3.18822313  5.84681449 16.39411065 12.79133904 18.17342663  0.17808002]
time(s): 9733.604850774

NEW_MODEL
[6.06468087e+01 1.34379646e+01 1.97602018e+00 1.87429700e-02]
[0.9070914  0.15159855 0.11617185 0.00247129]
1.7
[[30.46444948  8.99489986  1.37698027] [36.12623839  9.92541001  2.87581287] [41.05835251  4.02248903  2.5515127 ] [44.84700737  3.38853194  1.79952131] [50.99670576  1.81501646  0.41528295] [55.35922523  1.7151173   0.3575845 ] [60.64680868  1.60060012  0.21104154] [65.3073914   1.5337704   0.25560617] [70.04094194  1.35100208  0.26265432] [75.98277211  1.15516595  0.40342279] [80.38281802  0.98078607  0.51679715]]
7
[-10   0  30  60  90 110 130 160]
1.0
5.0
5.0
-0.03
qFit 7.2228516950287585
pFit [28.98034849  3.18149803 10.93274752 16.88685855 13.34514176 20.49363033 10.38450574]
time(s): 9841.441417389

NEW_MODEL
[6.53073914e+01 1.32621375e+01 2.01799559e+00 1.95596420e-02]
[0.85017729 0.16444287 0.11060711 0.00325966]
1.7
[[30.46444948  8.99489986  1.37698027] [36.12623839  9.92541001  2.87581287] [41.05835251  4.02248903  2.5515127 ] [44.84700737  3.38853194  1.79952131] [50.99670576  1.81501646  0.41528295] [55.35922523  1.7151173   0.3575845 ] [60.64680868  1.60060012  0.21104154] [65.3073914   1.5337704   0.25560617] [70.04094194  1.35100208  0.26265432] [75.98277211  1.15516595  0.40342279] [80.38281802  0.98078607  0.51679715]]
7
[-10   0  30  60  90 110 130 160]
1.0
5.0
5.0
-0.03
qFit 10.85434999037691
pFit [28.98493416  3.17030907 15.05680906 18.00757884 14.0718806  29.79175476  8.44220773]
time(s): 9961.672773096

NEW_MODEL
[7.00409419e+01 1.31480748e+01 2.07760776e+00 2.22057392e-02]
[1.44261106 0.16527283 0.11829809 0.00431712]
1.7
[[30.46444948  8.99489986  1.37698027] [36.12623839  9.92541001  2.87581287] [41.05835251  4.02248903  2.5515127 ] [44.84700737  3.38853194  1.79952131] [50.99670576  1.81501646  0.41528295] [55.35922523  1.7151173   0.3575845 ] [60.64680868  1.60060012  0.21104154] [65.3073914   1.5337704   0.25560617] [70.04094194  1.35100208  0.26265432] [75.98277211  1.15516595  0.40342279] [80.38281802  0.98078607  0.51679715]]
7
[-10   0  30  60  90 110 130 160]
1.0
5.0
5.0
-0.03
qFit 14.671282213552436
pFit [28.99842919  3.16158983 19.11502696 19.10237839 15.10968498 53.29671601 76.51929095]
time(s): 10104.081357082

NEW_MODEL
[7.59827721e+01 1.30288018e+01 2.10699656e+00 2.59702945e-02]
[1.06361497 0.19058565 0.13445613 0.0090697 ]
1.7
[[30.46444948  8.99489986  1.37698027] [36.12623839  9.92541001  2.87581287] [41.05835251  4.02248903  2.5515127 ] [44.84700737  3.38853194  1.79952131] [50.99670576  1.81501646  0.41528295] [55.35922523  1.7151173   0.3575845 ] [60.64680868  1.60060012  0.21104154] [65.3073914   1.5337704   0.25560617] [70.04094194  1.35100208  0.26265432] [75.98277211  1.15516595  0.40342279] [80.38281802  0.98078607  0.51679715]]
7
[-10   0  30  60  90 110 130 160]
1.0
5.0
5.0
-0.03
qFit 18.36918062208415
pFit [29.0422244   3.13984655 24.05820346 20.95582794 15.46520843  0.15289515 21.84382261]
time(s): 10221.409973718

NEW_MODEL
[8.03828180e+01 1.29875929e+01 2.03920129e+00 3.05877100e-02]
[1.11938612 0.25716647 0.15924009 0.01611732]
1.7
[[30.46444948  8.99489986  1.37698027] [36.12623839  9.92541001  2.87581287] [41.05835251  4.02248903  2.5515127 ] [44.84700737  3.38853194  1.79952131] [50.99670576  1.81501646  0.41528295] [55.35922523  1.7151173   0.3575845 ] [60.64680868  1.60060012  0.21104154] [65.3073914   1.5337704   0.25560617] [70.04094194  1.35100208  0.26265432] [75.98277211  1.15516595  0.40342279] [80.38281802  0.98078607  0.51679715]]
7
[-10   0  30  60  90 110 130 160]
1.0
5.0
5.0
-0.03
qFit 18.998955511562322
pFit [29.12837092  3.08023359 26.8399801  22.34826172 25.16136399  0.48180851  9.63634388]
time(s): 10318.039903161

NEW_MODEL
[3.04644495e+01 1.42904620e+01 1.44768917e+00 3.33522334e-03]
[8.08204112e-01 8.87928852e-02 5.67641984e-02 5.10571192e-04]
1.7
[[30.46444948  8.99489986  1.37698027] [36.12623839  9.92541001  2.87581287] [41.05835251  4.02248903  2.5515127 ] [44.84700737  3.38853194  1.79952131] [50.99670576  1.81501646  0.41528295] [55.35922523  1.7151173   0.3575845 ] [60.64680868  1.60060012  0.21104154] [65.3073914   1.5337704   0.25560617] [70.04094194  1.35100208  0.26265432] [75.98277211  1.15516595  0.40342279] [80.38281802  0.98078607  0.51679715]]
8
[-10   0  30  60  90 110 130 160]
1.0
5.0
5.0
-0.03
qFit 12.795114138274133
pFit [ 0.06544073 29.83297512  0.08356771  0.08319979  0.05553343  7.7100042 19.74575492]
time(s): 10407.571773261

NEW_MODEL
[3.61262384e+01 1.41837241e+01 1.55977998e+00 3.02254516e-03]
[9.12424024e-01 6.56443821e-02 5.71914157e-02 8.75759719e-04]
1.7
[[30.46444948  8.99489986  1.37698027] [36.12623839  9.92541001  2.87581287] [41.05835251  4.02248903  2.5515127 ] [44.84700737  3.38853194  1.79952131] [50.99670576  1.81501646  0.41528295] [55.35922523  1.7151173   0.3575845 ] [60.64680868  1.60060012  0.21104154] [65.3073914   1.5337704   0.25560617] [70.04094194  1.35100208  0.26265432] [75.98277211  1.15516595  0.40342279] [80.38281802  0.98078607  0.51679715]]
8
[-10   0  30  60  90 110 130 160]
1.0
5.0
5.0
-0.03
qFit 7.817626680090135
pFit [29.19047029  3.04662355  1.33360165  0.09907651  0.06724108  3.9802256 19.8349813 ]
time(s): 10501.851947096

NEW_MODEL
[4.10583525e+01 1.40633552e+01 1.70487427e+00 7.45806881e-03]
[1.1397747  0.06942091 0.06358735 0.00473074]
1.7
[[30.46444948  8.99489986  1.37698027] [36.12623839  9.92541001  2.87581287] [41.05835251  4.02248903  2.5515127 ] [44.84700737  3.38853194  1.79952131] [50.99670576  1.81501646  0.41528295] [55.35922523  1.7151173   0.3575845 ] [60.64680868  1.60060012  0.21104154] [65.3073914   1.5337704   0.25560617] [70.04094194  1.35100208  0.26265432] [75.98277211  1.15516595  0.40342279] [80.38281802  0.98078607  0.51679715]]
8
[-10   0  30  60  90 110 130 160]
1.0
5.0
5.0
-0.03
qFit 4.010082842701466
pFit [30.34435651  0.87620677  4.52750649  0.11782855 11.56289772 11.19091511 21.42051332]
time(s): 10606.490863183

NEW_MODEL
[4.48470074e+01 1.39682940e+01 1.78137520e+00 8.85339154e-03]
[0.66563192 0.08309308 0.08124434 0.0047017 ]
1.7
[[30.46444948  8.99489986  1.37698027] [36.12623839  9.92541001  2.87581287] [41.05835251  4.02248903  2.5515127 ] [44.84700737  3.38853194  1.79952131] [50.99670576  1.81501646  0.41528295] [55.35922523  1.7151173   0.3575845 ] [60.64680868  1.60060012  0.21104154] [65.3073914   1.5337704   0.25560617] [70.04094194  1.35100208  0.26265432] [75.98277211  1.15516595  0.40342279] [80.38281802  0.98078607  0.51679715]]
8
[-10   0  30  60  90 110 130 160]
1.0
5.0
5.0
-0.03
qFit 4.724834953572891
pFit [29.17150904  3.02281257  7.12995678  0.13767538 11.01691829 11.54791804 22.68169632]
time(s): 10697.641837801

NEW_MODEL
[5.09967058e+01 1.38122369e+01 1.88194676e+00 1.65287757e-02]
[0.83335057 0.112559   0.1185105  0.00378185]
1.7
[[30.46444948  8.99489986  1.37698027] [36.12623839  9.92541001  2.87581287] [41.05835251  4.02248903  2.5515127 ] [44.84700737  3.38853194  1.79952131] [50.99670576  1.81501646  0.41528295] [55.35922523  1.7151173   0.3575845 ] [60.64680868  1.60060012  0.21104154] [65.3073914   1.5337704   0.25560617] [70.04094194  1.35100208  0.26265432] [75.98277211  1.15516595  0.40342279] [80.38281802  0.98078607  0.51679715]]
8
[-10   0  30  60  90 110 130 160]
1.0
5.0
5.0
-0.03
qFit 3.663623907679942
pFit [29.16136786  3.03545574  5.41589557 10.21717035 12.73801065 13.01543333 32.01743565]
time(s): 10850.17095208

NEW_MODEL
[5.53592252e+01 1.36665511e+01 1.93605750e+00 1.74915150e-02]
[1.30349031 0.13151564 0.12850443 0.0036468 ]
1.7
[[30.46444948  8.99489986  1.37698027] [36.12623839  9.92541001  2.87581287] [41.05835251  4.02248903  2.5515127 ] [44.84700737  3.38853194  1.79952131] [50.99670576  1.81501646  0.41528295] [55.35922523  1.7151173   0.3575845 ] [60.64680868  1.60060012  0.21104154] [65.3073914   1.5337704   0.25560617] [70.04094194  1.35100208  0.26265432] [75.98277211  1.15516595  0.40342279] [80.38281802  0.98078607  0.51679715]]
8
[-10   0  30  60  90 110 130 160]
1.0
5.0
5.0
-0.03
qFit 4.240237389274838
pFit [29.06450509  3.1385633   5.86309611 15.76980796 12.6224569  15.15646928 51.86184329]
time(s): 11054.638357337999

NEW_MODEL
[6.06468087e+01 1.34379646e+01 1.97602018e+00 1.87429700e-02]
[0.9070914  0.15159855 0.11617185 0.00247129]
1.7
[[30.46444948  8.99489986  1.37698027] [36.12623839  9.92541001  2.87581287] [41.05835251  4.02248903  2.5515127 ] [44.84700737  3.38853194  1.79952131] [50.99670576  1.81501646  0.41528295] [55.35922523  1.7151173   0.3575845 ] [60.64680868  1.60060012  0.21104154] [65.3073914   1.5337704   0.25560617] [70.04094194  1.35100208  0.26265432] [75.98277211  1.15516595  0.40342279] [80.38281802  0.98078607  0.51679715]]
8
[-10   0  30  60  90 110 130 160]
1.0
5.0
5.0
-0.03
qFit 7.875127749161944
pFit [28.99727903  3.16578386 10.84327903 16.96827555 13.34028455 20.46077081 34.12334174]
time(s): 11181.189156719

NEW_MODEL
[6.53073914e+01 1.32621375e+01 2.01799559e+00 1.95596420e-02]
[0.85017729 0.16444287 0.11060711 0.00325966]
1.7
[[30.46444948  8.99489986  1.37698027] [36.12623839  9.92541001  2.87581287] [41.05835251  4.02248903  2.5515127 ] [44.84700737  3.38853194  1.79952131] [50.99670576  1.81501646  0.41528295] [55.35922523  1.7151173   0.3575845 ] [60.64680868  1.60060012  0.21104154] [65.3073914   1.5337704   0.25560617] [70.04094194  1.35100208  0.26265432] [75.98277211  1.15516595  0.40342279] [80.38281802  0.98078607  0.51679715]]
8
[-10   0  30  60  90 110 130 160]
1.0
5.0
5.0
-0.03
qFit 11.669971050828902
pFit [28.99989431  3.15895473 15.01773028 18.00853481 14.16010542 29.7850267  0.18237588]
time(s): 11299.483435037999

NEW_MODEL
[7.00409419e+01 1.31480748e+01 2.07760776e+00 2.22057392e-02]
[1.44261106 0.16527283 0.11829809 0.00431712]
1.7
[[30.46444948  8.99489986  1.37698027] [36.12623839  9.92541001  2.87581287] [41.05835251  4.02248903  2.5515127 ] [44.84700737  3.38853194  1.79952131] [50.99670576  1.81501646  0.41528295] [55.35922523  1.7151173   0.3575845 ] [60.64680868  1.60060012  0.21104154] [65.3073914   1.5337704   0.25560617] [70.04094194  1.35100208  0.26265432] [75.98277211  1.15516595  0.40342279] [80.38281802  0.98078607  0.51679715]]
8
[-10   0  30  60  90 110 130 160]
1.0
5.0
5.0
-0.03
qFit 15.663579318119103
pFit [29.00099007  3.15620559 19.04731313 19.07934292 15.33267853 53.76289379 32.02434313]
time(s): 11425.651966334

NEW_MODEL
[7.59827721e+01 1.30288018e+01 2.10699656e+00 2.59702945e-02]
[1.06361497 0.19058565 0.13445613 0.0090697 ]
1.7
[[30.46444948  8.99489986  1.37698027] [36.12623839  9.92541001  2.87581287] [41.05835251  4.02248903  2.5515127 ] [44.84700737  3.38853194  1.79952131] [50.99670576  1.81501646  0.41528295] [55.35922523  1.7151173   0.3575845 ] [60.64680868  1.60060012  0.21104154] [65.3073914   1.5337704   0.25560617] [70.04094194  1.35100208  0.26265432] [75.98277211  1.15516595  0.40342279] [80.38281802  0.98078607  0.51679715]]
8
[-10   0  30  60  90 110 130 160]
1.0
5.0
5.0
-0.03
qFit 19.808579356512094
pFit [2.90794308e+01 3.10565926e+00 2.39864076e+01 2.08555923e+01 1.62860721e+01 1.38162952e-01 4.28630458e+02]
time(s): 11624.041748141

NEW_MODEL
[8.03828180e+01 1.29875929e+01 2.03920129e+00 3.05877100e-02]
[1.11938612 0.25716647 0.15924009 0.01611732]
1.7
[[30.46444948  8.99489986  1.37698027] [36.12623839  9.92541001  2.87581287] [41.05835251  4.02248903  2.5515127 ] [44.84700737  3.38853194  1.79952131] [50.99670576  1.81501646  0.41528295] [55.35922523  1.7151173   0.3575845 ] [60.64680868  1.60060012  0.21104154] [65.3073914   1.5337704   0.25560617] [70.04094194  1.35100208  0.26265432] [75.98277211  1.15516595  0.40342279] [80.38281802  0.98078607  0.51679715]]
8
[-10   0  30  60  90 110 130 160]
1.0
5.0
5.0
-0.03
qFit 20.81905273714719
pFit [2.91623540e+01 3.04838036e+00 2.66996446e+01 2.22401216e+01 2.71211787e+01 1.46547479e-01 3.04019609e+02]
time(s): 11812.644123336

NEW_MODEL
[3.04644495e+01 1.42904620e+01 1.44768917e+00 3.33522334e-03]
[8.08204112e-01 8.87928852e-02 5.67641984e-02 5.10571192e-04]
1.7
[[30.46444948  8.99489986  1.37698027] [36.12623839  9.92541001  2.87581287] [41.05835251  4.02248903  2.5515127 ] [44.84700737  3.38853194  1.79952131] [50.99670576  1.81501646  0.41528295] [55.35922523  1.7151173   0.3575845 ] [60.64680868  1.60060012  0.21104154] [65.3073914   1.5337704   0.25560617] [70.04094194  1.35100208  0.26265432] [75.98277211  1.15516595  0.40342279] [80.38281802  0.98078607  0.51679715]]
9
[-10   0  30  60  90 110 130 160]
1.0
5.0
5.0
-0.03
qFit 13.910159886447456
pFit [ 0.08917468 29.80996995  0.08386783  0.08354996  0.05560426  7.7088613 19.82864341]
time(s): 11900.962551589

NEW_MODEL
[3.61262384e+01 1.41837241e+01 1.55977998e+00 3.02254516e-03]
[9.12424024e-01 6.56443821e-02 5.71914157e-02 8.75759719e-04]
1.7
[[30.46444948  8.99489986  1.37698027] [36.12623839  9.92541001  2.87581287] [41.05835251  4.02248903  2.5515127 ] [44.84700737  3.38853194  1.79952131] [50.99670576  1.81501646  0.41528295] [55.35922523  1.7151173   0.3575845 ] [60.64680868  1.60060012  0.21104154] [65.3073914   1.5337704   0.25560617] [70.04094194  1.35100208  0.26265432] [75.98277211  1.15516595  0.40342279] [80.38281802  0.98078607  0.51679715]]
9
[-10   0  30  60  90 110 130 160]
1.0
5.0
5.0
-0.03
qFit 8.63345973784172
pFit [29.2546971   2.95682393  1.33922759  0.0999517   0.06958757  3.79758193 19.79619078]
time(s): 11993.728247949

NEW_MODEL
[4.10583525e+01 1.40633552e+01 1.70487427e+00 7.45806881e-03]
[1.1397747  0.06942091 0.06358735 0.00473074]
1.7
[[30.46444948  8.99489986  1.37698027] [36.12623839  9.92541001  2.87581287] [41.05835251  4.02248903  2.5515127 ] [44.84700737  3.38853194  1.79952131] [50.99670576  1.81501646  0.41528295] [55.35922523  1.7151173   0.3575845 ] [60.64680868  1.60060012  0.21104154] [65.3073914   1.5337704   0.25560617] [70.04094194  1.35100208  0.26265432] [75.98277211  1.15516595  0.40342279] [80.38281802  0.98078607  0.51679715]]
9
[-10   0  30  60  90 110 130 160]
1.0
5.0
5.0
-0.03
qFit 8.215408699437969
pFit [29.45736657  2.64379233  4.49251635  0.11689653  3.93229857 12.60780202 20.3606502 ]
time(s): 12095.510224283

NEW_MODEL
[4.48470074e+01 1.39682940e+01 1.78137520e+00 8.85339154e-03]
[0.66563192 0.08309308 0.08124434 0.0047017 ]
1.7
[[30.46444948  8.99489986  1.37698027] [36.12623839  9.92541001  2.87581287] [41.05835251  4.02248903  2.5515127 ] [44.84700737  3.38853194  1.79952131] [50.99670576  1.81501646  0.41528295] [55.35922523  1.7151173   0.3575845 ] [60.64680868  1.60060012  0.21104154] [65.3073914   1.5337704   0.25560617] [70.04094194  1.35100208  0.26265432] [75.98277211  1.15516595  0.40342279] [80.38281802  0.98078607  0.51679715]]
9
[-10   0  30  60  90 110 130 160]
1.0
5.0
5.0
-0.03
qFit 4.409902509034749
pFit [29.22406494  2.95358332  4.33968837  2.85802318 13.48007034 11.72582488 23.90283878]
time(s): 12195.80030323

NEW_MODEL
[5.09967058e+01 1.38122369e+01 1.88194676e+00 1.65287757e-02]
[0.83335057 0.112559   0.1185105  0.00378185]
1.7
[[30.46444948  8.99489986  1.37698027] [36.12623839  9.92541001  2.87581287] [41.05835251  4.02248903  2.5515127 ] [44.84700737  3.38853194  1.79952131] [50.99670576  1.81501646  0.41528295] [55.35922523  1.7151173   0.3575845 ] [60.64680868  1.60060012  0.21104154] [65.3073914   1.5337704   0.25560617] [70.04094194  1.35100208  0.26265432] [75.98277211  1.15516595  0.40342279] [80.38281802  0.98078607  0.51679715]]
9
[-10   0  30  60  90 110 130 160]
1.0
5.0
5.0
-0.03
qFit 3.9544384416711496
pFit [29.15217499  3.05256399  5.39226299 10.21957268 12.71878153 12.99613731 31.81426179]
time(s): 12327.361408384

NEW_MODEL
[5.53592252e+01 1.36665511e+01 1.93605750e+00 1.74915150e-02]
[1.30349031 0.13151564 0.12850443 0.0036468 ]
1.7
[[30.46444948  8.99489986  1.37698027] [36.12623839  9.92541001  2.87581287] [41.05835251  4.02248903  2.5515127 ] [44.84700737  3.38853194  1.79952131] [50.99670576  1.81501646  0.41528295] [55.35922523  1.7151173   0.3575845 ] [60.64680868  1.60060012  0.21104154] [65.3073914   1.5337704   0.25560617] [70.04094194  1.35100208  0.26265432] [75.98277211  1.15516595  0.40342279] [80.38281802  0.98078607  0.51679715]]
9
[-10   0  30  60  90 110 130 160]
1.0
5.0
5.0
-0.03
qFit 5.44633175053338
pFit [29.01087951  3.1683448   5.80171612 16.60572126 12.57149004 18.22137272  0.99562439]
time(s): 12424.071123313

NEW_MODEL
[6.06468087e+01 1.34379646e+01 1.97602018e+00 1.87429700e-02]
[0.9070914  0.15159855 0.11617185 0.00247129]
1.7
[[30.46444948  8.99489986  1.37698027] [36.12623839  9.92541001  2.87581287] [41.05835251  4.02248903  2.5515127 ] [44.84700737  3.38853194  1.79952131] [50.99670576  1.81501646  0.41528295] [55.35922523  1.7151173   0.3575845 ] [60.64680868  1.60060012  0.21104154] [65.3073914   1.5337704   0.25560617] [70.04094194  1.35100208  0.26265432] [75.98277211  1.15516595  0.40342279] [80.38281802  0.98078607  0.51679715]]
9
[-10   0  30  60  90 110 130 160]
1.0
5.0
5.0
-0.03
qFit 8.526703851696965
pFit [29.00302664  3.15817108 10.74502018 17.07116761 13.31795665 20.54414893 25.39730725]
time(s): 12539.502138914999

NEW_MODEL
[6.53073914e+01 1.32621375e+01 2.01799559e+00 1.95596420e-02]
[0.85017729 0.16444287 0.11060711 0.00325966]
1.7
[[30.46444948  8.99489986  1.37698027] [36.12623839  9.92541001  2.87581287] [41.05835251  4.02248903  2.5515127 ] [44.84700737  3.38853194  1.79952131] [50.99670576  1.81501646  0.41528295] [55.35922523  1.7151173   0.3575845 ] [60.64680868  1.60060012  0.21104154] [65.3073914   1.5337704   0.25560617] [70.04094194  1.35100208  0.26265432] [75.98277211  1.15516595  0.40342279] [80.38281802  0.98078607  0.51679715]]
9
[-10   0  30  60  90 110 130 160]
1.0
5.0
5.0
-0.03
qFit 12.483407512507334
pFit [29.00120003  3.15791939 14.99204778 18.01874347 14.24071311 29.95901761  1.62864298]
time(s): 12657.684889864

NEW_MODEL
[7.00409419e+01 1.31480748e+01 2.07760776e+00 2.22057392e-02]
[1.44261106 0.16527283 0.11829809 0.00431712]
1.7
[[30.46444948  8.99489986  1.37698027] [36.12623839  9.92541001  2.87581287] [41.05835251  4.02248903  2.5515127 ] [44.84700737  3.38853194  1.79952131] [50.99670576  1.81501646  0.41528295] [55.35922523  1.7151173   0.3575845 ] [60.64680868  1.60060012  0.21104154] [65.3073914   1.5337704   0.25560617] [70.04094194  1.35100208  0.26265432] [75.98277211  1.15516595  0.40342279] [80.38281802  0.98078607  0.51679715]]
9
[-10   0  30  60  90 110 130 160]
1.0
5.0
5.0
-0.03
qFit 16.646741552303098
pFit [29.00156619  3.15518045 19.00462779 19.04875292 15.54601911 53.54758792 25.14847271]
time(s): 12784.488842323999

NEW_MODEL
[7.59827721e+01 1.30288018e+01 2.10699656e+00 2.59702945e-02]
[1.06361497 0.19058565 0.13445613 0.0090697 ]
1.7
[[30.46444948  8.99489986  1.37698027] [36.12623839  9.92541001  2.87581287] [41.05835251  4.02248903  2.5515127 ] [44.84700737  3.38853194  1.79952131] [50.99670576  1.81501646  0.41528295] [55.35922523  1.7151173   0.3575845 ] [60.64680868  1.60060012  0.21104154] [65.3073914   1.5337704   0.25560617] [70.04094194  1.35100208  0.26265432] [75.98277211  1.15516595  0.40342279] [80.38281802  0.98078607  0.51679715]]
9
[-10   0  30  60  90 110 130 160]
1.0
5.0
5.0
-0.03
qFit 21.222568559631686
pFit [29.10204099  3.08378156 23.92071643 20.79183588 16.77474907  0.13949647 38.02226137]
time(s): 12922.659880234

NEW_MODEL
[8.03828180e+01 1.29875929e+01 2.03920129e+00 3.05877100e-02]
[1.11938612 0.25716647 0.15924009 0.01611732]
1.7
[[30.46444948  8.99489986  1.37698027] [36.12623839  9.92541001  2.87581287] [41.05835251  4.02248903  2.5515127 ] [44.84700737  3.38853194  1.79952131] [50.99670576  1.81501646  0.41528295] [55.35922523  1.7151173   0.3575845 ] [60.64680868  1.60060012  0.21104154] [65.3073914   1.5337704   0.25560617] [70.04094194  1.35100208  0.26265432] [75.98277211  1.15516595  0.40342279] [80.38281802  0.98078607  0.51679715]]
9
[-10   0  30  60  90 110 130 160]
1.0
5.0
5.0
-0.03
qFit 22.60733199610896
pFit [29.15149173  3.05635506 26.58239148 22.07616726 29.543109    0.28270896  0.36062475]
time(s): 13044.807037928

