V06_24_11 Cape Christie 72_18030.3900 169_54024.1700 1098 3.2 1906 9.6 678 15.6 1104 22 <1 38.1 ± 4.0 68.1 14.1 _ 0.2 1.8 72 2.3(86) 0.6
V07_24_11 Cape Christie 72_19021.8000 169_55046.3600 40 3.2 1855 4.6 536 9.7 1115 31 85.5 27.1 ± 1.5 43.6 14.2 _ 0.2 1.4 34 1.3(124) 0.3
V03_26_11 Robinson Heights 71_25030.0800 166_52031.4700 1841 3.2 1869 10.4 817 8.6 676 25 9.0 69.1 ± 4.6 33.6 13.2 _ 0.3 2.02 57 2.0(100) 0.3
V01-27-11 Mt. Pearson 72_16020.7100 166_40056.4700 1749 3.3 1958 11.3 850 10.1 765 25 67.5 65.9 ± 3.5 40.01 12.3 _ 0.9 2.3 100 2.4(95) 0.4
V02_27_11 Freimanis Gl. 72_7055.1300 168_3003.9800 2176 3.3 1932 2.8 258 6.1 555 24 11.3 26.2 ± 2.6 25.5 0 _ 0 0 2.5(87) 1.1
V06_27_11 Purvis Peak 72_38015.8000 169_1705.7300 944 3.3 3266 2.7 296 5.9 638 27 18.4 26.5 ± 2.2 25.3 13.6 _ 0.6 1.6 7 1.8(94) 0.5
V08_27_11 Purvis Peak 72_38043.2900 169_08049.9800 2217 3.3 1945 2.9 360 5.5 696 28 81.1 30.6 ± 2.1 19.7 14.7 _ 0.3 1.1 17 1.9(117) 0.3
V10_27_11 Mt. Trident 72_25037.7200 169_17013.2300 1897 3.4 1983 8.7 666 16.0 1219 24 7.4 33.7 ± 2.2 52.6 14.5 _ 0.4 2.0 32 1.9(96) 0.3
V04_30_11 Stevenson Peak 72_21058.4700 168_15035.8500 151 3.1 1829 6.2 249 10.5 421 24 90.1 32.9 ± 2.7 45.7 14.8 _ 0.6 0.8 2 2.0(94) 0.2
V02_02_12 Rastorfer Gl. 71_52019.3000 167_14059.7200 1565 3.2 1880 31.9 1207 30.7 1161 22 <1 59.6 ± 3.7 112.3 13.8 _ 0.2 2.1 100 2.6(88) 0.3
V03_02_12a Mt Minto 71_48036.9700 168_5405.1200 2646 11.0 2861 4.9 889 17.1 3107 30 99 55.7 ± 2.4 21.5 13.4 _ 0.3 1.9 69 1.9(90) 0.3
V04_02_12a Mt Minto 71_46035.2200 168_48047.8300 3484 10.8 2817 5.9 1144 14.3 2766 30 91 79.2 ± 3.2 16.2 13.6 _ 0.2 1.6 111 1.9(156) 0.3
V05_02_12a Mt Minto 71_45050.6600 168_5503.1500 2061 10.7 2772 6.7 948 20.9 2967 30 92 60.3 ± 2.5 22.9 13.4 _ 0.3 1.7 63 1.9(125) 0.3
V06_02_12 Mt Minto 71_45054.1800 169_59021.0000 1831 3.2 1893 10.2 567 10.5 588 29 1.1 54.9 ± 4.6 39.2 13.2 _ 0.3 2.4 69 2.8(80) 0.4
V07_02_12 Helm Point 72_11008.5200 167_14059.7200 80 3.1 1842 10.0 551 17.0 937 27 44.5 32.9 ± 1.9 64.2 14.4 _ 0.2 1.3 59 2.2(59) 0.3