V06-24-11A 0.837 2.88 19.9 33.7 22.3 1.7 28 45.0 0.69 24.7 35.8 _ 2.1
V06-24-11B 0.888 2.32 16.6 64.4 171.3 3.9 32 46.6 0.74 22.1 29.8 _ 1.8
V06-24-11C 0.694 1.42 13.1 23.8 11.2 1.8 19 35.3 0.65 30.5 46.9 _ 2.8
V06-24-11D 1.968 5.86 53.3 57.4 29.0 1.1 67 63.9 0.78 24.3 31.1 _ 1.9
V06-24-11E 1.038 7.64 27.8 17.5 27.5 0.6 32 56.0 0.75 26.7 35.6 _ 2.1
V07-24-11A 1.550 1.06 36.6 19.8 30.7 0.5 41 35.0 0.61 35.6 58.4 _ 3.5
V07-24-11B 0.295 2.61 0.4 21.8 4.2 57.0 6 50.0 0.75 54.1 72.1 _ 4.3a
V07-24-11C 0.072 1.64 8.0 38.3 19.4 4.8 17 38.5 0.67 33.1 49.4 _ 3.0
V07-24-11D 1.751 1.24 28.9 36.2 38.6 1.3 38 42.0 0.67 54.2 80.9 _ 4.9
V07-24-11E 0.050 2.73 8.8 26.0 45.1 3.0 15 48.3 0.08 27.7 338.2 _ 20.3a
V03-26-11B 0.196 3.74 8.2 1.9 10.6 0.2 9 42.5 0.67 82.2 122.7 _ 7.4a
V03-26-11C 0.10 1.77 9.6 19.2 75.1 2.0 14 43.3 0.68 51.7 76.1 _ 4.6
V03-26-11D 0.680 2.47 1.3 9.8 19.6 7.5 4 50.2 0.72 159.8 221.9 _ 13.3a
V03-26-11E 0.450 0.94 68.9 10.6 11.7 0.2 71 35.5 0.61 51.3 84.2 _ 5.1
V03-26-11F 0.352 2.19 _0.2 2.3 0.8 - 0 44.3 - 627.9 923.4 _ 54.4a
V01-27-11A 0.033 1.85 6.8 9.4 4.9 1.4 9 40.3 0.68 30.6 45.0 _ 2.7
V01-27-11B 0.152 1.56 50.1 4.3 23.9 0.1 51 34.9 0.65 24.5 37.7 _ 2.3
V01-27-11C 0.324 1.65 35.4 191.5 35.4 5.4 81 40.5 0.67 33.1 49.4 _ 3.0
V01-27-11D 0.063 2.00 4.1 29.9 32.1 7.3 11 39.0 0.68 45.6 67.1 _ 4.0a
V01-27-11E 0.123 1.89 13.8 93.8 22.5 6.8 36 45.3 0.69 28.2 40.9 _ 2.5
V02-27-11A 0.094 1.99 14.6 44.7 55.8 3.1 25 40.3 0.66 30.4 46.0 _ 2.8
V02-27-11B 0.105 1.64 19.3 18.1 6.1 0.9 24 34.9 0.65 37.0 57.0 _ 3.4
V02-27-11E 0.957 2.00 181.3 380.9 9.0 2.1 273 43.7 0.68 29.2 42.9 _ 2.6
V06-27-11A 0.221 1.20 16.0 17.3 93.9 1.1 20 34.2 0.66 87.4 132.4 _ 7.9
V06-27-11D 0.391 0.44 24.3 28.8 157.2 1.2 31 28.0 0.56 99.7 178.0 _ 10.7a
V06-27-11E 0.104 2.26 19.4 33.0 140.8 1.7 27 42.1 0.69 30.4 44.0 _ 2.6
V08-27-11A 0.137 2.00 15.5 46.9 48.5 3.0 27 42.1 0.67 42.1 62.8 _ 3.8
V08-27-11B 0.059 1.84 10.5 26.2 24.1 2.5 17 32.4 0.58 29.1 50.2 _ 3.0
V10-27-11A 0.016 1.47 2.9 9.0 2.2 3.1 5 33.5 0.66 26.5 40.1 _ 2.4
V10-27-11B 0.287 1.16 61.0 101.5 36.0 1.7 85 37.6 0.65 27.8 42.8 _ 2.6
V10-27-11C 0.079 1.59 11.3 19.7 14.3 1.8 16 36.0 0.66 40.7 61.7 _ 3.7
V04-30-11A 0.224 1.07 17.8 62.6 57.0 3.5 33 32.6 0.58 56.2 96.9 _ 5.8a
V04-30-11B 0.199 1.56 42.8 112.5 23.8 2.6 70 40.0 0.65 23.7 36.4 _ 2.2
V04-30-11C 0.035 1.90 3.7 4.9 1.5 1.3 5 34.5 0.61 59.9 98.3 _ 5.9a
V04-30-11D 0.388 0.78 55.8 76.0 20.2 1.4 74 32.0 0.57 43.4 76.1 _ 4.6a
V02-02-12A 0.551 1.85 148.1 33.8 61.9 0.2 156 43.5 0.70 29.1 41.5 _ 2.5
V02-02-12B 0.476 2.52 136.5 29.3 61.9 0.2 144 41.9 0.67 27.3 40.8 _ 2.4
V02-02-12C 0.426 2.16 134.4 35.6 53.3 0.3 143 41.9 0.67 24.6 36.7 _ 2.2
V02-02-12D 0.250 1.21 87.6 24.2 53.7 0.3 93 35.4 0.62 22.1 35.6 _ 2.1
V02-02-12E 0.520 1.38 139.8 59.7 46.5 0.4 154 32.2 0.58 27.9 48.1 _ 2.9
V02-02-12F 0.436 2.25 145.2 32.9 46.7 0.2 153 41.7 0.70 23.5 33.6 _ 2.0
V06-02-12A 0.058 1.23 13.8 11.5 28.1 0.8 17 36.7 0.63 28.5 45.3 _ 2.7
V06-02-12B 0.250 1.14 39.7 12.4 5.2 0.3 43 35.6 0.65 40.0 66.6 _ 4.0
V06-02-12C 0.056 0.94 5.6 27.1 24.8 4.9 12 33.2 0.60 38.0 63.3 _ 3.8
V06-02-12D 0.125 0.44 26.7 64.5 78.0 2.4 42 28.2 0.60 24.2 40.4 _ 2.4
V06-02-12E 0.070 1.24 4.1 3.8 7.5 0.9 0.9 33.9 0.64 88.0 137.6 _ 8.3a
V07-02-12A 0.256 1.65 63.1 105.2 31.6 1.7 88 43.5 0.66 24.0 36.4 _ 3.5
V07-02-12B 0.258 1.10 69.8 137.3 44.7 2.0 103 41.9 0.69 20.8 30.1 _ 4.3
V07-02-12C 0.249 0.85 79.7 135.2 42.3 1.7 112 41.9 0.64 18.4 28.7 _ 3.0
V07-02-12D 0.169 0.80 70.7 89.6 28.2 1.3 92 35.4 0.60 15.2 25.3 _ 4.9
V07-02-12E 0.146 2.78 50.5 85.8 25.9 1.7 71 51.5 0.73 17.0 23.3 _ 2.3
